Time,org_x,org_y,org_z,xvec_x,xvec_y,xvec_z,zvec_x,zvec_y,zvec_z
0.000000,0.533115,0.038504,0.348762,0.518663,0.064426,0.297400,0.564115,0.030109,0.319729
0.010000,0.533110,0.038506,0.348783,0.518661,0.064432,0.297412,0.564110,0.030125,0.319747
0.020000,0.533098,0.038501,0.348788,0.518659,0.064420,0.297417,0.564106,0.030092,0.319752
0.030000,0.533101,0.038505,0.348797,0.518658,0.064422,0.297430,0.564105,0.030113,0.319761
0.040000,0.533099,0.038511,0.348806,0.518662,0.064417,0.297434,0.564106,0.030124,0.319772
0.050000,0.533114,0.038512,0.348816,0.518674,0.064428,0.297443,0.564132,0.030128,0.319789
0.060000,0.533128,0.038518,0.348826,0.518675,0.064434,0.297445,0.564128,0.030134,0.319793
0.070000,0.533127,0.038511,0.348824,0.518698,0.064409,0.297453,0.564134,0.030127,0.319794
0.080000,0.533130,0.038511,0.348836,0.518688,0.064443,0.297465,0.564151,0.030140,0.319809
0.090000,0.533149,0.038516,0.348843,0.518698,0.064456,0.297477,0.564143,0.030128,0.319814
0.100000,0.533161,0.038557,0.348855,0.518698,0.064466,0.297481,0.564167,0.030138,0.319828
0.110000,0.533166,0.038550,0.348861,0.518718,0.064489,0.297488,0.564170,0.030167,0.319828
0.120000,0.533190,0.038576,0.348860,0.518735,0.064488,0.297499,0.564190,0.030187,0.319827
0.130000,0.533209,0.038592,0.348868,0.518759,0.064518,0.297498,0.564209,0.030192,0.319820
0.140000,0.533218,0.038616,0.348869,0.518770,0.064552,0.297502,0.564222,0.030240,0.319841
0.150000,0.533229,0.038625,0.348876,0.518806,0.064560,0.297519,0.564242,0.030263,0.319841
0.160000,0.533250,0.038649,0.348875,0.518830,0.064582,0.297519,0.564259,0.030286,0.319839
0.170000,0.533266,0.038695,0.348881,0.518840,0.064616,0.297519,0.564278,0.030319,0.319841
0.180000,0.533271,0.038720,0.348885,0.518838,0.064677,0.297525,0.564281,0.030358,0.319849
0.190000,0.533277,0.038756,0.348901,0.518852,0.064705,0.297534,0.564311,0.030403,0.319860
0.200000,0.533293,0.038786,0.348910,0.518874,0.064721,0.297547,0.564313,0.030421,0.319873
0.210000,0.533305,0.038817,0.348914,0.518869,0.064779,0.297572,0.564320,0.030447,0.319878
0.220000,0.533323,0.038839,0.348927,0.518891,0.064802,0.297570,0.564818,0.031703,0.320432
0.230000,0.533333,0.038864,0.348927,0.518898,0.064851,0.297602,0.564367,0.030539,0.319889
0.240000,0.533358,0.038884,0.348928,0.518931,0.064875,0.297606,0.564840,0.031763,0.320423
0.250000,0.533376,0.038907,0.348939,0.518932,0.064922,0.297614,0.564867,0.031796,0.320423
0.260000,0.533396,0.038893,0.348936,0.518945,0.064935,0.297616,0.564873,0.031806,0.320422
0.270000,0.533404,0.038910,0.348948,0.518956,0.064916,0.297621,0.564893,0.031796,0.320432
0.280000,0.533398,0.038888,0.348949,0.518960,0.064918,0.297633,0.564891,0.031817,0.320431
0.290000,0.533388,0.038872,0.348953,0.518948,0.064922,0.297626,0.564870,0.031787,0.320436
0.300000,0.533383,0.038866,0.348950,0.518942,0.064918,0.297641,0.564411,0.030591,0.319897
0.310000,0.533364,0.038850,0.348953,0.518926,0.064868,0.297642,0.564858,0.031767,0.320442
0.320000,0.533364,0.038807,0.348949,0.518932,0.064860,0.297649,0.564858,0.031742,0.320440
0.330000,0.533346,0.038796,0.348950,0.518924,0.064825,0.297656,0.564852,0.031716,0.320448
0.340000,0.533353,0.038747,0.348958,0.518915,0.064809,0.297657,0.564837,0.031683,0.320447
0.350000,0.533337,0.038716,0.348958,0.518913,0.064776,0.297661,0.564362,0.030471,0.319918
0.360000,0.533325,0.038674,0.348953,0.518901,0.064739,0.297669,0.564815,0.031598,0.320445
0.370000,0.533314,0.038633,0.348954,0.518889,0.064704,0.297660,0.564343,0.030374,0.319908
0.380000,0.533287,0.038597,0.348952,0.518877,0.064660,0.297662,0.564331,0.030341,0.319911
0.390000,0.533285,0.038538,0.348949,0.518877,0.064620,0.297662,0.564312,0.030279,0.319903
0.400000,0.533283,0.038480,0.348951,0.518859,0.064579,0.297665,0.564307,0.030216,0.319895
0.410000,0.533274,0.038447,0.348943,0.518867,0.064535,0.297655,0.564297,0.030205,0.319890
0.420000,0.533262,0.038389,0.348931,0.518842,0.064505,0.297647,0.564274,0.030146,0.319887
0.430000,0.533248,0.038336,0.348931,0.518825,0.064484,0.297648,0.564268,0.030112,0.319882
0.440000,0.533222,0.038293,0.348925,0.518813,0.064425,0.297632,0.564244,0.030087,0.319870
0.450000,0.533221,0.038243,0.348927,0.518789,0.064400,0.297638,0.564213,0.030000,0.319856
0.460000,0.533193,0.038203,0.348927,0.518779,0.064365,0.297645,0.564214,0.029966,0.319865
0.470000,0.533175,0.038174,0.348927,0.518765,0.064343,0.297639,0.564192,0.029948,0.319848
0.480000,0.533163,0.038127,0.348910,0.518751,0.064341,0.297637,0.564181,0.029944,0.319845
0.490000,0.533149,0.038125,0.348913,0.518741,0.064309,0.297635,0.564174,0.029901,0.319841
0.500000,0.533129,0.038095,0.348911,0.518723,0.064279,0.297628,0.564162,0.029908,0.319836
0.510000,0.533114,0.038066,0.348896,0.518697,0.064282,0.297644,0.564131,0.029873,0.319829
0.520000,0.533105,0.038050,0.348900,0.518681,0.064252,0.297634,0.564124,0.029867,0.319832
0.530000,0.533101,0.038026,0.348892,0.518670,0.064250,0.297635,0.564114,0.029854,0.319809
0.540000,0.533094,0.038006,0.348891,0.518669,0.064231,0.297628,0.564110,0.029844,0.319801
0.550000,0.533095,0.037998,0.348866,0.518660,0.064231,0.297623,0.564105,0.029839,0.319777
0.560000,0.533088,0.038003,0.348856,0.518653,0.064236,0.297607,0.564103,0.029834,0.319765
0.570000,0.533072,0.037988,0.348834,0.518629,0.064242,0.297590,0.564072,0.029821,0.319736
0.580000,0.533068,0.037979,0.348823,0.518625,0.064232,0.297594,0.564074,0.029843,0.319732
0.590000,0.533053,0.037969,0.348808,0.518609,0.064241,0.297593,0.564062,0.029837,0.319713
0.600000,0.533039,0.037944,0.348788,0.518596,0.064248,0.297580,0.564371,0.030705,0.320026
0.610000,0.533041,0.037942,0.348772,0.518575,0.064260,0.297571,0.564353,0.030686,0.320008
0.620000,0.533030,0.037939,0.348758,0.518572,0.064257,0.297567,0.564031,0.029833,0.319659
0.630000,0.533026,0.037948,0.348742,0.518551,0.064298,0.297560,0.564347,0.030730,0.319974
0.640000,0.533027,0.037960,0.348733,0.518548,0.064319,0.297551,0.564321,0.030715,0.319938
0.650000,0.533029,0.037969,0.348721,0.518543,0.064341,0.297550,0.564351,0.030775,0.319948
0.660000,0.533035,0.037971,0.348717,0.518543,0.064354,0.297553,0.564341,0.030779,0.319940
0.670000,0.533036,0.037981,0.348699,0.518549,0.064367,0.297551,0.564349,0.030795,0.319927
0.680000,0.533048,0.037999,0.348705,0.518542,0.064397,0.297550,0.564352,0.030835,0.319924
0.690000,0.533045,0.038048,0.348685,0.518549,0.064421,0.297541,0.564350,0.030821,0.319899
0.700000,0.533051,0.038062,0.348675,0.518544,0.064450,0.297541,0.564356,0.030857,0.319882
0.710000,0.533062,0.038130,0.348674,0.518541,0.064481,0.297536,0.564047,0.030051,0.319553
0.720000,0.533059,0.038132,0.348673,0.518543,0.064493,0.297533,0.564057,0.030082,0.319542
0.730000,0.533063,0.038130,0.348658,0.518552,0.064539,0.297535,0.564068,0.030089,0.319535
0.740000,0.533070,0.038149,0.348653,0.518545,0.064540,0.297531,0.564379,0.030949,0.319863
0.750000,0.533082,0.038202,0.348664,0.518557,0.064574,0.297549,0.564394,0.030984,0.319864
0.760000,0.533093,0.038221,0.348655,0.518566,0.064617,0.297553,0.564080,0.030167,0.319527
0.770000,0.533094,0.038239,0.348658,0.518579,0.064636,0.297545,0.564092,0.030196,0.319521
0.780000,0.533110,0.038266,0.348649,0.518582,0.064684,0.297553,0.564106,0.030188,0.319516
0.790000,0.533118,0.038298,0.348655,0.518591,0.064699,0.297546,0.564109,0.030263,0.319523
0.800000,0.533141,0.038335,0.348647,0.518597,0.064734,0.297547,0.564129,0.030291,0.319520
0.810000,0.533156,0.038380,0.348644,0.518610,0.064779,0.297551,0.564145,0.030347,0.319505
0.820000,0.533169,0.038413,0.348645,0.518618,0.064826,0.297552,0.564165,0.030390,0.319497
0.830000,0.533189,0.038451,0.348638,0.518634,0.064848,0.297546,0.564187,0.030436,0.319488
0.840000,0.533213,0.038488,0.348627,0.518649,0.064888,0.297540,0.564204,0.030482,0.319498
0.850000,0.533221,0.038501,0.348629,0.518670,0.064924,0.297547,0.564236,0.030528,0.319492
0.860000,0.533237,0.038557,0.348639,0.518681,0.064969,0.297560,0.564241,0.030544,0.319498
0.870000,0.533248,0.038571,0.348639,0.518687,0.064982,0.297564,0.564249,0.030569,0.319495
0.880000,0.533262,0.038608,0.348641,0.518690,0.065020,0.297575,0.564272,0.030631,0.319507
0.890000,0.533276,0.038637,0.348646,0.518696,0.065046,0.297572,0.564280,0.030691,0.319506
0.900000,0.533288,0.038656,0.348661,0.518705,0.065090,0.297584,0.564297,0.030692,0.319507
0.910000,0.533305,0.038678,0.348667,0.518719,0.065110,0.297580,0.564768,0.031860,0.320058
0.920000,0.533310,0.038691,0.348665,0.518735,0.065128,0.297593,0.564326,0.030733,0.319518
0.930000,0.533330,0.038705,0.348680,0.518752,0.065142,0.297605,0.564340,0.030769,0.319530
0.940000,0.533341,0.038736,0.348690,0.518741,0.065181,0.297635,0.564814,0.031892,0.320080
0.950000,0.533347,0.038740,0.348704,0.518750,0.065197,0.297652,0.564355,0.030757,0.319544
0.960000,0.533353,0.038746,0.348710,0.518772,0.065180,0.297622,0.564368,0.030764,0.319549
0.970000,0.533353,0.038772,0.348710,0.518777,0.065174,0.297632,0.564836,0.031948,0.320106
0.980000,0.533364,0.038763,0.348722,0.518782,0.065182,0.297644,0.564843,0.031944,0.320120
0.990000,0.533356,0.038760,0.348741,0.518774,0.065193,0.297679,0.564830,0.031942,0.320137
1.000000,0.533355,0.038774,0.348757,0.518772,0.065201,0.297693,0.564834,0.031943,0.320154
1.010000,0.533358,0.038763,0.348771,0.518780,0.065175,0.297682,0.564848,0.031953,0.320180
1.020000,0.533357,0.038773,0.348781,0.518773,0.065180,0.297727,0.564847,0.031967,0.320198
1.030000,0.533365,0.038764,0.348808,0.518784,0.065180,0.297732,0.564836,0.031931,0.320217
1.040000,0.533363,0.038750,0.348828,0.518792,0.065187,0.297749,0.564851,0.031933,0.320233
1.050000,0.533361,0.038752,0.348857,0.518792,0.065136,0.297776,0.564847,0.031926,0.320263
1.060000,0.533360,0.038733,0.348880,0.518792,0.065135,0.297799,0.564834,0.031872,0.320285
1.070000,0.533348,0.038704,0.348908,0.518781,0.065125,0.297832,0.564827,0.031861,0.320309
1.080000,0.533344,0.038680,0.348927,0.518790,0.065090,0.297856,0.564836,0.031834,0.320337
1.090000,0.533349,0.038652,0.348954,0.518795,0.065063,0.297879,0.564841,0.031856,0.320374
1.100000,0.533360,0.038621,0.348984,0.518800,0.065037,0.297900,0.564836,0.031796,0.320394
1.110000,0.533359,0.038591,0.348999,0.518814,0.064989,0.297919,0.564852,0.031773,0.320418
1.120000,0.533372,0.038527,0.349026,0.518821,0.064970,0.297936,0.564855,0.031743,0.320437
1.130000,0.533364,0.038507,0.349049,0.518833,0.064945,0.297950,0.564856,0.031680,0.320464
1.140000,0.533353,0.038508,0.349060,0.518838,0.064909,0.297960,0.564847,0.031665,0.320480
1.150000,0.533358,0.038429,0.349084,0.518830,0.064871,0.297989,0.564852,0.031651,0.320509
1.160000,0.533347,0.038415,0.349106,0.518846,0.064830,0.298005,0.564850,0.031607,0.320535
1.170000,0.533347,0.038381,0.349130,0.518843,0.064787,0.298023,0.564848,0.031579,0.320565
1.180000,0.533358,0.038361,0.349149,0.518857,0.064771,0.298035,0.564852,0.031544,0.320580
1.190000,0.533359,0.038338,0.349165,0.518874,0.064762,0.298051,0.564873,0.031501,0.320594
1.200000,0.533366,0.038309,0.349187,0.518893,0.064719,0.298058,0.564883,0.031481,0.320621
1.210000,0.533369,0.038269,0.349219,0.518890,0.064705,0.298087,0.564890,0.031460,0.320655
1.220000,0.533365,0.038260,0.349239,0.518892,0.064686,0.298106,0.564899,0.031431,0.320661
1.230000,0.533366,0.038239,0.349269,0.518889,0.064662,0.298130,0.564891,0.031388,0.320685
1.240000,0.533373,0.038205,0.349287,0.518904,0.064628,0.298152,0.564908,0.031420,0.320723
1.250000,0.533384,0.038199,0.349302,0.518912,0.064614,0.298170,0.564909,0.031378,0.320731
1.260000,0.533369,0.038187,0.349325,0.518928,0.064589,0.298184,0.564925,0.031368,0.320750
1.270000,0.533381,0.038143,0.349322,0.518933,0.064559,0.298185,0.564930,0.031309,0.320741
1.280000,0.533374,0.038128,0.349336,0.518951,0.064551,0.298194,0.564480,0.030095,0.320244
1.290000,0.533373,0.038098,0.349337,0.518946,0.064512,0.298207,0.564474,0.030087,0.320254
1.300000,0.533350,0.038070,0.349361,0.518946,0.064488,0.298219,0.564458,0.030039,0.320273
1.310000,0.533358,0.038035,0.349370,0.518937,0.064474,0.298231,0.564447,0.030019,0.320282
1.320000,0.533345,0.038002,0.349380,0.518927,0.064446,0.298242,0.564443,0.030018,0.320302
1.330000,0.533324,0.037995,0.349403,0.518927,0.064409,0.298260,0.564434,0.029978,0.320321
1.340000,0.533320,0.037959,0.349414,0.518925,0.064393,0.298272,0.564422,0.029952,0.320332
1.350000,0.533314,0.037946,0.349421,0.518921,0.064357,0.298279,0.564412,0.029897,0.320333
1.360000,0.533308,0.037933,0.349437,0.518921,0.064341,0.298283,0.564409,0.029880,0.320341
1.370000,0.533315,0.037923,0.349441,0.518921,0.064321,0.298287,0.564407,0.029858,0.320360
1.380000,0.533302,0.037904,0.349447,0.518919,0.064306,0.298294,0.564397,0.029837,0.320352
1.390000,0.533300,0.037881,0.349450,0.518921,0.064300,0.298297,0.564390,0.029787,0.320367
1.400000,0.533304,0.037868,0.349464,0.518917,0.064283,0.298301,0.564381,0.029796,0.320383
1.410000,0.533291,0.037843,0.349469,0.518916,0.064251,0.298299,0.564383,0.029746,0.320392
1.420000,0.533282,0.037819,0.349480,0.518913,0.064231,0.298306,0.564364,0.029749,0.320404
1.430000,0.533258,0.037814,0.349493,0.518891,0.064196,0.298309,0.564362,0.029724,0.320426
1.440000,0.533240,0.037786,0.349513,0.518883,0.064182,0.298331,0.564332,0.029683,0.320434
1.450000,0.533226,0.037767,0.349523,0.518870,0.064135,0.298349,0.564313,0.029630,0.320445
1.460000,0.533201,0.037744,0.349555,0.518853,0.064107,0.298365,0.564293,0.029632,0.320481
1.470000,0.533172,0.037711,0.349574,0.518836,0.064098,0.298384,0.564273,0.029585,0.320498
1.480000,0.533154,0.037676,0.349589,0.518807,0.064037,0.298419,0.564244,0.029555,0.320534
1.490000,0.533135,0.037661,0.349609,0.518801,0.064017,0.298445,0.564222,0.029524,0.320554
1.500000,0.533120,0.037637,0.349645,0.518779,0.064002,0.298460,0.564205,0.029485,0.320571
1.510000,0.533112,0.037607,0.349660,0.518782,0.063988,0.298480,0.564197,0.029436,0.320591
1.520000,0.533107,0.037609,0.349687,0.518779,0.063975,0.298490,0.564187,0.029436,0.320605
1.530000,0.533104,0.037600,0.349707,0.518780,0.063966,0.298518,0.564188,0.029426,0.320621
1.540000,0.533099,0.037605,0.349718,0.518778,0.063956,0.298527,0.564187,0.029406,0.320633
1.550000,0.533102,0.037605,0.349721,0.518771,0.063957,0.298551,0.564185,0.029437,0.320659
1.560000,0.533095,0.037608,0.349732,0.518765,0.063959,0.298546,0.564188,0.029452,0.320668
1.570000,0.533079,0.037638,0.349741,0.518771,0.063966,0.298541,0.564186,0.029453,0.320672
1.580000,0.533083,0.037659,0.349736,0.518772,0.063990,0.298541,0.564193,0.029460,0.320673
1.590000,0.533093,0.037667,0.349731,0.518781,0.064025,0.298534,0.564202,0.029539,0.320678
1.600000,0.533100,0.037715,0.349731,0.518797,0.064067,0.298525,0.564187,0.029582,0.320674
1.610000,0.533109,0.037758,0.349725,0.518817,0.064109,0.298510,0.564219,0.029598,0.320664
1.620000,0.533125,0.037804,0.349703,0.518836,0.064161,0.298497,0.564240,0.029667,0.320655
1.630000,0.533146,0.037875,0.349692,0.518850,0.064228,0.298472,0.564249,0.029695,0.320648
1.640000,0.533152,0.037930,0.349676,0.518861,0.064291,0.298461,0.564269,0.029758,0.320632
1.650000,0.533163,0.037990,0.349664,0.518869,0.064357,0.298450,0.564260,0.029870,0.320617
1.660000,0.533174,0.038059,0.349648,0.518871,0.064418,0.298436,0.564285,0.029924,0.320600
1.670000,0.533179,0.038103,0.349624,0.518869,0.064483,0.298428,0.564286,0.030004,0.320577
1.680000,0.533196,0.038190,0.349595,0.518861,0.064560,0.298402,0.564294,0.030090,0.320551
1.690000,0.533202,0.038274,0.349566,0.518860,0.064611,0.298366,0.564290,0.030170,0.320521
1.700000,0.533218,0.038371,0.349536,0.518846,0.064703,0.298335,0.564774,0.031476,0.321010
1.710000,0.533233,0.038444,0.349493,0.518833,0.064794,0.298296,0.564777,0.031535,0.320957
1.720000,0.533240,0.038521,0.349447,0.518837,0.064870,0.298248,0.564783,0.031600,0.320915
1.730000,0.533247,0.038599,0.349390,0.518826,0.064929,0.298204,0.564790,0.031681,0.320863
1.740000,0.533263,0.038686,0.349345,0.518833,0.064999,0.298152,0.564789,0.031781,0.320814
1.750000,0.533275,0.038767,0.349292,0.518831,0.065062,0.298104,0.564785,0.031830,0.320758
1.760000,0.533273,0.038855,0.349238,0.518821,0.065126,0.298062,0.564782,0.031864,0.320707
1.770000,0.533280,0.038932,0.349200,0.518799,0.065170,0.298013,0.564774,0.031933,0.320667
1.780000,0.533279,0.038985,0.349154,0.518794,0.065205,0.297960,0.564766,0.031987,0.320611
1.790000,0.533275,0.039020,0.349106,0.518777,0.065267,0.297916,0.564770,0.032037,0.320567
1.800000,0.533284,0.039075,0.349052,0.518762,0.065314,0.297873,0.564761,0.032101,0.320503
1.810000,0.533269,0.039131,0.349022,0.518755,0.065345,0.297831,0.564747,0.032109,0.320451
1.820000,0.533267,0.039160,0.348976,0.518740,0.065384,0.297772,0.564740,0.032147,0.320402
1.830000,0.533260,0.039180,0.348931,0.518723,0.065398,0.297736,0.564265,0.031032,0.319815
1.840000,0.533240,0.039216,0.348887,0.518702,0.065446,0.297703,0.564710,0.032190,0.320323
1.850000,0.533217,0.039225,0.348859,0.518675,0.065459,0.297674,0.564247,0.031080,0.319746
1.860000,0.533200,0.039234,0.348826,0.518649,0.065460,0.297647,0.564213,0.031089,0.319708
1.870000,0.533170,0.039243,0.348791,0.518623,0.065458,0.297618,0.564186,0.031085,0.319680
1.880000,0.533148,0.039256,0.348770,0.518590,0.065483,0.297578,0.564161,0.031062,0.319642
1.890000,0.533128,0.039246,0.348737,0.518566,0.065479,0.297545,0.564153,0.031063,0.319617
1.900000,0.533108,0.039246,0.348702,0.518563,0.065424,0.297489,0.564127,0.031057,0.319589
1.910000,0.533089,0.039242,0.348680,0.518538,0.065421,0.297469,0.564119,0.031058,0.319563
1.920000,0.533080,0.039232,0.348660,0.518529,0.065410,0.297446,0.564108,0.031053,0.319551
1.930000,0.533070,0.039232,0.348640,0.518512,0.065392,0.297425,0.564093,0.031032,0.319519
1.940000,0.533071,0.039229,0.348632,0.518497,0.065370,0.297400,0.564079,0.031007,0.319510
1.950000,0.533066,0.039216,0.348615,0.518493,0.065343,0.297370,0.564083,0.031004,0.319495
1.960000,0.533069,0.039197,0.348606,0.518492,0.065324,0.297359,0.564075,0.030962,0.319475
1.970000,0.533069,0.039194,0.348586,0.518477,0.065288,0.297345,0.564075,0.030968,0.319470
1.980000,0.533066,0.039167,0.348578,0.518473,0.065251,0.297326,0.564062,0.030917,0.319451
1.990000,0.533048,0.039154,0.348567,0.518455,0.065218,0.297309,0.564043,0.030886,0.319443
2.000000,0.533030,0.039135,0.348557,0.518428,0.065171,0.297295,0.564023,0.030850,0.319437
2.010000,0.533014,0.039086,0.348550,0.518398,0.065106,0.297274,0.564002,0.030798,0.319437
2.020000,0.532997,0.039041,0.348542,0.518386,0.065054,0.297262,0.563981,0.030711,0.319434
2.030000,0.532985,0.038989,0.348544,0.518371,0.064971,0.297266,0.563967,0.030680,0.319433
2.040000,0.532972,0.038926,0.348544,0.518367,0.064856,0.297260,0.564244,0.031390,0.319777
2.050000,0.532961,0.038852,0.348551,0.518365,0.064779,0.297261,0.564237,0.031313,0.319776
2.060000,0.532944,0.038764,0.348552,0.518351,0.064678,0.297266,0.563905,0.030410,0.319446
2.070000,0.532921,0.038673,0.348570,0.518330,0.064604,0.297259,0.564206,0.031157,0.319793
2.080000,0.532896,0.038600,0.348579,0.518315,0.064510,0.297263,0.564180,0.031070,0.319801
2.090000,0.532866,0.038496,0.348580,0.518299,0.064422,0.297257,0.564154,0.030982,0.319804
2.100000,0.532845,0.038418,0.348582,0.518278,0.064322,0.297245,0.564139,0.030925,0.319802
2.110000,0.532843,0.038293,0.348568,0.518260,0.064206,0.297231,0.564126,0.030832,0.319806
2.120000,0.532823,0.038222,0.348564,0.518246,0.064121,0.297223,0.564102,0.030739,0.319820
2.130000,0.532814,0.038141,0.348558,0.518236,0.064033,0.297225,0.564110,0.030694,0.319825
2.140000,0.532805,0.038061,0.348547,0.518224,0.063967,0.297212,0.564091,0.030612,0.319802
2.150000,0.532798,0.038005,0.348534,0.518217,0.063902,0.297193,0.564080,0.030561,0.319805
2.160000,0.532792,0.037948,0.348529,0.518219,0.063858,0.297177,0.564073,0.030493,0.319784
2.170000,0.532791,0.037918,0.348495,0.518234,0.063822,0.297152,0.564071,0.030435,0.319738
2.180000,0.532799,0.037892,0.348473,0.518246,0.063770,0.297107,0.564073,0.030426,0.319728
2.190000,0.532807,0.037874,0.348443,0.518249,0.063767,0.297080,0.564072,0.030380,0.319694
2.200000,0.532808,0.037838,0.348407,0.518253,0.063683,0.297008,0.564086,0.030345,0.319667
2.210000,0.532828,0.037816,0.348365,0.518262,0.063671,0.296981,0.564089,0.030309,0.319621
2.220000,0.532838,0.037799,0.348327,0.518266,0.063661,0.296948,0.564092,0.030279,0.319597
2.230000,0.532844,0.037794,0.348302,0.518274,0.063635,0.296916,0.564091,0.030246,0.319556
2.240000,0.532854,0.037761,0.348274,0.518284,0.063625,0.296874,0.564114,0.030240,0.319521
2.250000,0.532866,0.037750,0.348228,0.518288,0.063603,0.296841,0.564107,0.030174,0.319464
2.260000,0.532869,0.037760,0.348194,0.518291,0.063589,0.296809,0.564122,0.030201,0.319434
2.270000,0.532877,0.037743,0.348155,0.518280,0.063563,0.296765,0.564104,0.030131,0.319378
2.280000,0.532867,0.037737,0.348113,0.518258,0.063545,0.296739,0.564097,0.030115,0.319330
2.290000,0.532858,0.037728,0.348059,0.518235,0.063542,0.296691,0.564101,0.030151,0.319293
2.300000,0.532863,0.037717,0.347987,0.518227,0.063514,0.296641,0.564091,0.030114,0.319227
2.310000,0.532868,0.037703,0.347911,0.518200,0.063527,0.296567,0.564104,0.030093,0.319134
2.320000,0.532869,0.037723,0.347826,0.518164,0.063528,0.296488,0.564100,0.030106,0.319048
2.330000,0.532882,0.037750,0.347719,0.518138,0.063531,0.296385,0.564092,0.030103,0.318940
2.340000,0.532881,0.037765,0.347612,0.518108,0.063517,0.296271,0.564082,0.030091,0.318823
2.350000,0.532883,0.037791,0.347481,0.518080,0.063553,0.296124,0.564075,0.030116,0.318698
2.360000,0.532879,0.037803,0.347352,0.518060,0.063594,0.296010,0.564075,0.030166,0.318598
2.370000,0.532876,0.037855,0.347233,0.518024,0.063620,0.295888,0.564052,0.030210,0.318469
2.380000,0.532865,0.037907,0.347112,0.517979,0.063647,0.295765,0.564046,0.030250,0.318355
2.390000,0.532856,0.037990,0.346983,0.517954,0.063676,0.295637,0.564036,0.030352,0.318242
2.400000,0.532848,0.038038,0.346849,0.517922,0.063714,0.295527,0.564014,0.030438,0.318090
2.410000,0.532833,0.038116,0.346721,0.517886,0.063794,0.295403,0.564007,0.030531,0.317953
2.420000,0.532806,0.038227,0.346596,0.517822,0.063955,0.295257,0.563986,0.030603,0.317814
2.430000,0.532794,0.038315,0.346470,0.517792,0.064055,0.295161,0.563971,0.030786,0.317625
2.440000,0.532789,0.038429,0.346365,0.517772,0.064187,0.295065,0.563988,0.031164,0.317485
2.450000,0.532783,0.038539,0.346267,0.517739,0.064364,0.294991,0.563974,0.031292,0.317373
2.460000,0.532790,0.038658,0.346174,0.517722,0.064558,0.294957,0.563953,0.031485,0.317267
2.470000,0.532789,0.038837,0.346100,0.517722,0.064808,0.294905,0.563950,0.031714,0.317158
2.480000,0.532813,0.039047,0.346013,0.517744,0.065108,0.294882,0.563984,0.031963,0.317062
2.490000,0.532870,0.039305,0.345952,0.517783,0.065501,0.294873,0.564040,0.032274,0.316983
2.500000,0.532966,0.039618,0.345913,0.517865,0.065977,0.294923,0.564143,0.032675,0.316901
2.510000,0.533100,0.039961,0.345880,0.517978,0.066517,0.294994,0.564279,0.033150,0.316805
2.520000,0.533274,0.040356,0.345837,0.518109,0.067229,0.295090,0.564443,0.033711,0.316742
2.530000,0.533487,0.040892,0.345812,0.518320,0.067973,0.295237,0.564365,0.033661,0.316360
2.540000,0.533727,0.041457,0.345832,0.518564,0.068759,0.295430,0.564663,0.034401,0.316396
2.550000,0.534002,0.042054,0.345845,0.518881,0.069777,0.295650,0.565436,0.036404,0.316874
2.560000,0.534293,0.042639,0.345904,0.519242,0.070831,0.295938,0.565750,0.037223,0.316894
2.570000,0.534629,0.043331,0.345993,0.519599,0.072015,0.296307,0.566104,0.038128,0.316934
2.580000,0.534983,0.044162,0.346176,0.520026,0.073352,0.296798,0.566434,0.039193,0.316969
2.590000,0.535311,0.044939,0.346421,0.520357,0.074646,0.297343,0.567014,0.040654,0.317365
2.600000,0.535623,0.045733,0.346677,0.520794,0.076202,0.298052,0.567396,0.041822,0.317610
2.610000,0.535973,0.046645,0.347023,0.521186,0.077750,0.298791,0.567816,0.043311,0.317929
2.620000,0.536321,0.047609,0.347378,0.521538,0.079438,0.299686,0.568266,0.044710,0.318360
2.630000,0.536651,0.048577,0.347879,0.521917,0.081155,0.300665,0.568702,0.046218,0.318770
2.640000,0.536975,0.049617,0.348395,0.522276,0.082964,0.301758,0.569176,0.048022,0.319341
2.650000,0.537304,0.050685,0.348909,0.522510,0.084806,0.302920,0.569558,0.049661,0.319905
2.660000,0.537627,0.051776,0.349474,0.522845,0.086812,0.304173,0.569965,0.051487,0.320496
2.670000,0.537879,0.052961,0.350130,0.523140,0.088797,0.305503,0.570449,0.053552,0.321243
2.680000,0.538194,0.054108,0.350717,0.523414,0.090808,0.306796,0.570858,0.055346,0.321927
2.690000,0.538505,0.055328,0.351344,0.523744,0.092899,0.308226,0.571250,0.057217,0.322626
2.700000,0.538821,0.056686,0.352045,0.524039,0.094958,0.309697,0.571728,0.059438,0.323446
2.710000,0.539140,0.057859,0.352707,0.524347,0.097240,0.311238,0.572207,0.061554,0.324283
2.720000,0.539494,0.059175,0.353404,0.524638,0.099325,0.312821,0.572651,0.063511,0.325169
2.730000,0.539858,0.060628,0.354228,0.524939,0.101403,0.314427,0.573015,0.067718,0.327752
2.740000,0.540290,0.062275,0.355082,0.525244,0.103644,0.316203,0.573618,0.067817,0.327171
2.750000,0.540684,0.063761,0.355956,0.525536,0.105730,0.317917,0.573994,0.072191,0.329931
2.760000,0.541028,0.064955,0.356534,0.525827,0.107912,0.319775,0.574660,0.072387,0.329424
2.770000,0.541414,0.066453,0.357461,0.526076,0.110008,0.321621,0.575175,0.074639,0.330673
2.780000,0.541832,0.067935,0.358369,0.526482,0.112226,0.323463,0.575526,0.078954,0.333558
2.790000,0.542234,0.069453,0.359320,0.526633,0.114229,0.325448,0.576183,0.079186,0.333292
2.800000,0.542626,0.070965,0.360358,0.527129,0.116409,0.327339,0.576758,0.081493,0.334739
2.810000,0.543057,0.072530,0.361435,0.527430,0.118451,0.329333,0.577240,0.083638,0.336139
2.820000,0.543856,0.073427,0.362207,0.527758,0.120515,0.331402,0.577584,0.087776,0.339118
2.830000,0.544238,0.074873,0.363335,0.528006,0.122459,0.333453,0.578266,0.088030,0.339220
2.840000,0.544657,0.076325,0.364530,0.528262,0.124370,0.335624,0.578765,0.090251,0.340882
2.850000,0.545040,0.077627,0.365685,0.528465,0.126245,0.337794,0.579230,0.092293,0.342589
2.860000,0.545345,0.078947,0.366964,0.528665,0.128097,0.339993,0.579668,0.094400,0.344343
2.870000,0.545712,0.080252,0.368216,0.528775,0.129621,0.342142,0.580050,0.096286,0.346100
2.880000,0.545988,0.081516,0.369523,0.528898,0.131178,0.344366,0.580440,0.098278,0.347918
2.890000,0.546237,0.082745,0.370858,0.529037,0.132775,0.346604,0.580794,0.100028,0.349742
2.900000,0.546574,0.083821,0.372120,0.529179,0.134247,0.348810,0.581125,0.101829,0.351584
2.910000,0.546866,0.084834,0.373503,0.529301,0.135675,0.351055,0.581223,0.105189,0.355009
2.920000,0.547288,0.086033,0.374790,0.529385,0.136918,0.353282,0.581707,0.104882,0.355327
2.930000,0.547561,0.087058,0.376237,0.529455,0.138209,0.355525,0.582008,0.106418,0.357243
2.940000,0.547788,0.087942,0.377521,0.529516,0.139365,0.357753,0.582227,0.107796,0.359111
2.950000,0.548001,0.088729,0.378857,0.529539,0.140389,0.359987,0.582268,0.110973,0.362554
2.960000,0.548143,0.089517,0.380241,0.529503,0.141393,0.362207,0.582431,0.112197,0.364503
2.970000,0.548337,0.090124,0.381614,0.529468,0.142222,0.364376,0.582492,0.112522,0.365533
2.980000,0.548454,0.090667,0.382922,0.529346,0.142943,0.366521,0.582635,0.114256,0.368161
2.990000,0.548307,0.091555,0.384024,0.529212,0.143651,0.368584,0.582682,0.114688,0.369301
3.000000,0.548342,0.091943,0.385256,0.529096,0.144168,0.370587,0.582891,0.114331,0.370187
3.010000,0.548349,0.092243,0.386379,0.528883,0.144653,0.372508,0.583091,0.114701,0.371969
3.020000,0.548320,0.092561,0.387510,0.528659,0.145105,0.374429,0.582781,0.115838,0.373649
3.030000,0.548234,0.092799,0.388650,0.528427,0.145471,0.376246,0.582567,0.117626,0.376185
3.040000,0.548174,0.092995,0.389667,0.528174,0.145821,0.378060,0.582659,0.116976,0.376919
3.050000,0.548123,0.093145,0.390713,0.528031,0.146088,0.379774,0.582604,0.117495,0.378527
3.060000,0.548050,0.093252,0.391676,0.527876,0.146306,0.381493,0.582565,0.117919,0.380033
3.070000,0.547996,0.093209,0.392632,0.527728,0.146476,0.383122,0.582763,0.117701,0.381466
3.080000,0.547947,0.093194,0.393620,0.527611,0.146412,0.384723,0.582491,0.118469,0.382878
3.090000,0.547860,0.093219,0.394537,0.527431,0.146446,0.386248,0.582397,0.118761,0.384260
3.100000,0.547793,0.093165,0.395362,0.527218,0.146547,0.387734,0.582555,0.118448,0.385640
3.110000,0.547716,0.093005,0.396234,0.527052,0.146434,0.389150,0.582242,0.119128,0.386979
3.120000,0.547709,0.092855,0.397016,0.526859,0.146384,0.390530,0.582152,0.119263,0.388284
3.130000,0.547616,0.092695,0.397804,0.526709,0.146269,0.391897,0.582283,0.118835,0.389621
3.140000,0.547610,0.092448,0.398579,0.526610,0.146116,0.393238,0.582004,0.119324,0.390821
3.150000,0.547589,0.092259,0.399373,0.526506,0.146050,0.394527,0.582219,0.118971,0.392109
3.160000,0.547591,0.092106,0.400131,0.526397,0.145892,0.395835,0.581982,0.119429,0.393276
3.170000,0.547649,0.091891,0.400912,0.526375,0.145719,0.397091,0.582020,0.119373,0.394423
3.180000,0.547702,0.091619,0.401630,0.526360,0.145566,0.398345,0.582041,0.119455,0.395596
3.190000,0.547712,0.091354,0.402312,0.526281,0.145341,0.399569,0.582272,0.118857,0.396768
3.200000,0.547729,0.091069,0.402982,0.526157,0.145163,0.400750,0.581996,0.119261,0.397855
3.210000,0.547657,0.090789,0.403643,0.526005,0.144961,0.401852,0.581909,0.119181,0.398929
3.220000,0.547588,0.090482,0.404337,0.525878,0.144658,0.402941,0.581772,0.118975,0.400067
3.230000,0.547455,0.090300,0.405060,0.525611,0.144508,0.403909,0.581655,0.118820,0.401090
3.240000,0.547367,0.089999,0.405677,0.525456,0.144224,0.404897,0.581774,0.118244,0.402231
3.250000,0.547271,0.089730,0.406275,0.525331,0.143929,0.405866,0.581472,0.118493,0.403110
3.260000,0.547177,0.089463,0.406952,0.525200,0.143749,0.406836,0.581566,0.117788,0.404182
3.270000,0.547115,0.089174,0.407532,0.525099,0.143545,0.407734,0.581480,0.117631,0.405032
3.280000,0.547056,0.088878,0.408077,0.525042,0.143303,0.408637,0.580992,0.117803,0.405417
3.290000,0.546977,0.088677,0.408628,0.524983,0.142997,0.409500,0.580945,0.117570,0.406219
3.300000,0.546903,0.088449,0.409135,0.524948,0.142744,0.410225,0.580897,0.117306,0.406933
3.310000,0.546788,0.088420,0.409806,0.524845,0.142511,0.410950,0.580807,0.117115,0.407633
3.320000,0.546731,0.087874,0.410090,0.524752,0.142290,0.411551,0.580703,0.116902,0.408315
3.330000,0.546597,0.087657,0.410519,0.524645,0.142075,0.412105,0.580610,0.116664,0.408973
3.340000,0.546488,0.087409,0.410929,0.524528,0.141857,0.412647,0.580508,0.116440,0.409506
3.350000,0.546419,0.087122,0.411267,0.524457,0.141633,0.413124,0.580421,0.116265,0.410038
3.360000,0.546325,0.086935,0.411646,0.524393,0.141460,0.413525,0.580374,0.116121,0.410515
3.370000,0.546257,0.086892,0.412111,0.524391,0.141315,0.413947,0.580356,0.115995,0.410916
3.380000,0.546222,0.086852,0.412566,0.524365,0.141164,0.414338,0.580350,0.115768,0.411258
3.390000,0.546246,0.086620,0.412820,0.524370,0.140997,0.414670,0.580344,0.115527,0.411506
3.400000,0.546254,0.086414,0.413014,0.524404,0.140815,0.414926,0.580346,0.115302,0.411723
3.410000,0.546240,0.086233,0.413179,0.524412,0.140630,0.415114,0.580331,0.115131,0.411897
3.420000,0.546212,0.086069,0.413278,0.524394,0.140517,0.415247,0.580309,0.114960,0.412047
3.430000,0.546157,0.085963,0.413397,0.524339,0.140416,0.415310,0.580268,0.114812,0.412172
3.440000,0.546081,0.085885,0.413459,0.524312,0.140293,0.415310,0.580204,0.114619,0.412250
3.450000,0.546008,0.085568,0.413346,0.524268,0.140156,0.415296,0.580157,0.114502,0.412311
3.460000,0.545946,0.085421,0.413325,0.524240,0.140025,0.415254,0.580111,0.114319,0.412325
3.470000,0.545905,0.085322,0.413292,0.524240,0.139895,0.415200,0.580094,0.114167,0.412285
3.480000,0.545893,0.085201,0.413209,0.524261,0.139798,0.415150,0.580103,0.114016,0.412208
3.490000,0.545902,0.085078,0.413064,0.524303,0.139711,0.415065,0.580144,0.113910,0.412103
3.500000,0.545928,0.084964,0.412921,0.524415,0.139604,0.414949,0.580200,0.113830,0.411973
3.510000,0.545974,0.084935,0.412803,0.524495,0.139575,0.414830,0.580255,0.113764,0.411823
3.520000,0.546018,0.085121,0.412801,0.524572,0.139543,0.414684,0.580321,0.113754,0.411656
3.530000,0.546063,0.084844,0.412435,0.524632,0.139554,0.414518,0.580365,0.113721,0.411464
3.540000,0.546090,0.084836,0.412276,0.524670,0.139562,0.414360,0.580387,0.113681,0.411278
3.550000,0.546093,0.084808,0.412073,0.524682,0.139556,0.414187,0.580406,0.113679,0.411076
3.560000,0.546124,0.084815,0.411904,0.524678,0.139602,0.414002,0.580405,0.113702,0.410852
3.570000,0.546136,0.084905,0.411760,0.524670,0.139653,0.413785,0.580407,0.113739,0.410627
3.580000,0.546160,0.085055,0.411626,0.524685,0.139731,0.413557,0.580427,0.113803,0.410394
3.590000,0.546218,0.085222,0.411467,0.524678,0.139860,0.413315,0.580476,0.114002,0.410168
3.600000,0.546301,0.085403,0.411319,0.524687,0.140025,0.413056,0.580523,0.114234,0.409930
3.610000,0.546379,0.085672,0.411180,0.524731,0.140190,0.412768,0.580582,0.114501,0.409645
3.620000,0.546508,0.085860,0.410973,0.524786,0.140387,0.412474,0.580669,0.114776,0.409351
3.630000,0.546634,0.086063,0.410765,0.524885,0.140586,0.412105,0.580757,0.115027,0.408992
3.640000,0.546736,0.086379,0.410589,0.524988,0.140860,0.411730,0.580854,0.115206,0.408556
3.650000,0.546865,0.086657,0.410348,0.525090,0.141113,0.411289,0.580953,0.115347,0.408096
3.660000,0.547001,0.086861,0.410008,0.525172,0.141350,0.410807,0.581054,0.115626,0.407610
3.670000,0.547099,0.087183,0.409721,0.525259,0.141585,0.410246,0.581162,0.116004,0.407122
3.680000,0.547161,0.087519,0.409369,0.525362,0.141773,0.409653,0.581230,0.116187,0.406570
3.690000,0.547235,0.087767,0.408945,0.525437,0.141994,0.409027,0.581296,0.116287,0.405913
3.700000,0.547308,0.088039,0.408548,0.525541,0.142170,0.408298,0.581365,0.116425,0.405218
3.710000,0.547427,0.088265,0.408126,0.525612,0.142557,0.407520,0.581934,0.116535,0.405007
3.720000,0.547564,0.088487,0.407667,0.525741,0.142786,0.406719,0.582013,0.116618,0.404131
3.730000,0.547721,0.088761,0.407182,0.526031,0.142902,0.405931,0.581706,0.117019,0.402833
3.740000,0.547888,0.089073,0.406674,0.526201,0.143173,0.405006,0.582084,0.117517,0.402289
3.750000,0.548048,0.089349,0.406144,0.526351,0.143493,0.404036,0.582264,0.117646,0.401259
3.760000,0.548195,0.089692,0.405664,0.526520,0.143669,0.403017,0.582374,0.117754,0.400248
3.770000,0.548315,0.089932,0.405132,0.526677,0.143823,0.401879,0.582516,0.117892,0.399172
3.780000,0.548390,0.090235,0.404621,0.526760,0.144017,0.400687,0.582570,0.118085,0.398103
3.790000,0.548500,0.090512,0.404045,0.526878,0.144158,0.399459,0.582659,0.118059,0.396981
3.800000,0.548616,0.090800,0.403514,0.526979,0.144294,0.398115,0.582747,0.118194,0.395819
3.810000,0.548765,0.091106,0.402945,0.527164,0.144440,0.396715,0.582850,0.118191,0.394547
3.820000,0.548942,0.091446,0.402326,0.527314,0.144546,0.395294,0.582975,0.118173,0.393254
3.830000,0.549118,0.091797,0.401693,0.527511,0.144731,0.393780,0.583120,0.118222,0.391882
3.840000,0.549299,0.092153,0.401066,0.527723,0.144777,0.392231,0.583306,0.118146,0.390435
3.850000,0.549573,0.092284,0.400251,0.527946,0.144871,0.390575,0.583467,0.118144,0.388981
3.860000,0.549843,0.092404,0.399345,0.528201,0.144915,0.388879,0.583633,0.117997,0.387419
3.870000,0.550014,0.092638,0.398492,0.528435,0.144917,0.387092,0.583791,0.117680,0.385815
3.880000,0.550195,0.092840,0.397636,0.528701,0.144822,0.385249,0.583903,0.117459,0.384171
3.890000,0.550330,0.092908,0.396683,0.528947,0.144826,0.383370,0.584042,0.117192,0.382536
3.900000,0.550434,0.093143,0.395710,0.529227,0.144675,0.381361,0.584160,0.116881,0.380831
3.910000,0.550573,0.093227,0.394700,0.529455,0.144417,0.379325,0.584285,0.116466,0.379055
3.920000,0.550949,0.092786,0.393732,0.529715,0.144209,0.377217,0.584371,0.115785,0.377215
3.930000,0.551096,0.092768,0.392662,0.529920,0.143834,0.375098,0.584475,0.115356,0.375381
3.940000,0.551248,0.092769,0.391468,0.530131,0.143492,0.373011,0.584561,0.114807,0.373603
3.950000,0.551345,0.092672,0.390320,0.530339,0.143052,0.370862,0.584654,0.114187,0.371845
3.960000,0.551440,0.092428,0.389138,0.530509,0.142560,0.368707,0.584666,0.113622,0.369951
3.970000,0.551487,0.092284,0.387860,0.530668,0.141993,0.366558,0.584640,0.112773,0.368109
3.980000,0.551496,0.092083,0.386637,0.530797,0.141381,0.364283,0.584665,0.112101,0.366254
3.990000,0.551638,0.091828,0.385349,0.530873,0.140746,0.362038,0.584667,0.111448,0.364346
4.000000,0.551707,0.091665,0.384144,0.530958,0.140054,0.359834,0.584607,0.110517,0.362371
4.010000,0.551637,0.091416,0.382970,0.531030,0.139452,0.357582,0.584593,0.109707,0.360384
4.020000,0.551750,0.091086,0.381624,0.531134,0.138663,0.355368,0.584610,0.108933,0.358523
4.030000,0.551830,0.090794,0.380295,0.531192,0.137872,0.353120,0.584511,0.107945,0.356520
4.040000,0.551896,0.090409,0.378873,0.531181,0.137082,0.350881,0.584441,0.106954,0.354598
4.050000,0.551858,0.090093,0.377463,0.531159,0.136256,0.348662,0.584382,0.106107,0.352776
4.060000,0.551850,0.089733,0.376043,0.531043,0.135399,0.346343,0.584645,0.105401,0.351187
4.070000,0.551780,0.089302,0.374551,0.530955,0.134393,0.344040,0.584431,0.104420,0.349283
4.080000,0.551701,0.088916,0.373159,0.530823,0.133430,0.341671,0.583816,0.103311,0.347118
4.090000,0.551589,0.088526,0.371579,0.530695,0.132379,0.339265,0.583733,0.102695,0.345494
4.100000,0.551525,0.088007,0.370110,0.530585,0.131349,0.337015,0.583444,0.101224,0.343315
4.110000,0.551583,0.087412,0.368586,0.530532,0.130240,0.334707,0.583445,0.100547,0.341771
4.120000,0.551522,0.086920,0.367075,0.530441,0.129130,0.332479,0.583280,0.099302,0.339867
4.130000,0.551509,0.086318,0.365657,0.530355,0.127907,0.330243,0.583420,0.097842,0.337970
4.140000,0.551470,0.085655,0.364192,0.530295,0.126576,0.328000,0.583231,0.096533,0.336052
4.150000,0.551379,0.084880,0.362815,0.530099,0.125268,0.325899,0.582720,0.095434,0.334278
4.160000,0.551214,0.084490,0.361725,0.529902,0.123849,0.323743,0.582316,0.093467,0.332155
4.170000,0.551002,0.083636,0.360262,0.529611,0.122168,0.321599,0.582219,0.092573,0.330847
4.180000,0.550768,0.082617,0.358830,0.529285,0.120573,0.319513,0.581789,0.090961,0.329075
4.190000,0.550493,0.081615,0.357439,0.528889,0.118802,0.317415,0.581625,0.089101,0.327434
4.200000,0.550162,0.080496,0.356067,0.528482,0.117063,0.315370,0.580847,0.087831,0.325837
4.210000,0.549807,0.079385,0.354652,0.528012,0.115223,0.313317,0.580224,0.085395,0.323931
4.220000,0.549286,0.078142,0.353372,0.527573,0.113385,0.311306,0.579745,0.083575,0.322357
4.230000,0.548925,0.076979,0.352038,0.527228,0.111330,0.309461,0.579260,0.081701,0.320799
4.240000,0.548531,0.075786,0.350758,0.526708,0.109536,0.307453,0.579006,0.080595,0.319753
4.250000,0.548167,0.074514,0.349435,0.526331,0.107251,0.305657,0.578438,0.078735,0.318270
4.260000,0.547753,0.073257,0.348177,0.525832,0.105464,0.303714,0.577766,0.076237,0.316617
4.270000,0.547347,0.071966,0.346959,0.525444,0.103283,0.302075,0.577239,0.074264,0.315212
4.280000,0.546906,0.070816,0.345760,0.524822,0.101459,0.300175,0.576911,0.073135,0.314256
4.290000,0.546386,0.069731,0.344458,0.524460,0.099362,0.298577,0.576377,0.071199,0.313019
4.300000,0.545963,0.068551,0.343284,0.523939,0.097457,0.296760,0.575698,0.068658,0.311431
4.310000,0.545622,0.067339,0.342114,0.523525,0.095451,0.295079,0.575320,0.066986,0.310317
4.320000,0.545303,0.066217,0.341013,0.523300,0.093391,0.293640,0.575039,0.065882,0.309459
4.330000,0.545015,0.065078,0.339892,0.522791,0.091632,0.292003,0.574473,0.063443,0.307990
4.340000,0.544685,0.064110,0.338868,0.522485,0.089665,0.290683,0.574115,0.062044,0.307067
4.350000,0.544393,0.063106,0.337864,0.521962,0.087925,0.289081,0.573612,0.060241,0.305858
4.360000,0.544105,0.062131,0.336850,0.521502,0.086225,0.287747,0.573281,0.058977,0.305048
4.370000,0.543795,0.061297,0.335955,0.521172,0.084504,0.286445,0.572885,0.057500,0.304049
4.380000,0.543538,0.060443,0.335005,0.520738,0.082751,0.285137,0.572597,0.056325,0.303311
4.390000,0.543210,0.059562,0.334132,0.520449,0.081136,0.283909,0.572223,0.054718,0.302367
4.400000,0.542927,0.058716,0.333269,0.520172,0.079532,0.282690,0.571980,0.053492,0.301672
4.410000,0.542677,0.057826,0.332379,0.519933,0.077895,0.281518,0.571682,0.051898,0.300913
4.420000,0.542425,0.056960,0.331558,0.519712,0.076324,0.280413,0.571386,0.050487,0.300118
4.430000,0.542175,0.056153,0.330801,0.519551,0.074855,0.279341,0.571188,0.049276,0.299506
4.440000,0.541931,0.055274,0.330053,0.519424,0.073268,0.278320,0.570978,0.047840,0.298794
4.450000,0.541725,0.054407,0.329331,0.519394,0.071709,0.277473,0.570842,0.046732,0.298322
4.460000,0.541522,0.053526,0.328722,0.519313,0.070440,0.276674,0.570724,0.045641,0.297912
4.470000,0.541349,0.052809,0.328287,0.519259,0.069158,0.275973,0.570640,0.044531,0.297582
4.480000,0.541208,0.052023,0.327905,0.518931,0.068527,0.275292,0.570507,0.043523,0.297295
4.490000,0.541047,0.051267,0.327597,0.518842,0.067574,0.274925,0.570173,0.042235,0.296851
4.500000,0.540856,0.050468,0.327332,0.518719,0.066606,0.274626,0.570010,0.041394,0.296756
4.510000,0.540627,0.049732,0.327224,0.518585,0.065707,0.274429,0.569810,0.040333,0.296759
4.520000,0.540426,0.049074,0.327132,0.518442,0.065014,0.274320,0.569619,0.039597,0.296815
4.530000,0.540204,0.048495,0.327147,0.518309,0.064350,0.274241,0.569424,0.039016,0.296845
4.540000,0.540014,0.047953,0.327184,0.518353,0.063456,0.274227,0.569275,0.038565,0.296951
4.550000,0.539825,0.047449,0.327251,0.518018,0.063249,0.274263,0.569117,0.038044,0.297037
4.560000,0.539655,0.046991,0.327367,0.517907,0.062866,0.274381,0.568961,0.037607,0.297166
4.570000,0.539483,0.046547,0.327526,0.517768,0.062513,0.274527,0.568350,0.035783,0.296847
4.580000,0.539346,0.046158,0.327688,0.517667,0.062194,0.274743,0.568178,0.035375,0.297017
4.590000,0.539173,0.045820,0.327890,0.517698,0.061692,0.275001,0.568020,0.035044,0.297183
4.600000,0.539041,0.045559,0.328120,0.517548,0.061515,0.275223,0.567867,0.034728,0.297372
4.610000,0.538890,0.045346,0.328349,0.517446,0.061331,0.275439,0.567699,0.034526,0.297574
4.620000,0.538756,0.045176,0.328561,0.517277,0.061232,0.275637,0.567574,0.034408,0.297787
4.630000,0.538649,0.045030,0.328785,0.517176,0.061127,0.275855,0.567454,0.034304,0.297995
4.640000,0.538551,0.044937,0.329019,0.517111,0.061062,0.276076,0.567382,0.034233,0.298192
4.650000,0.538478,0.044827,0.329202,0.517037,0.061004,0.276297,0.567306,0.034189,0.298398
4.660000,0.538399,0.044699,0.329402,0.516988,0.061005,0.276563,0.567231,0.034125,0.298628
4.670000,0.538354,0.044574,0.329605,0.516989,0.060977,0.276785,0.567191,0.034121,0.298873
4.680000,0.538306,0.044475,0.329826,0.516974,0.060978,0.277024,0.567161,0.034000,0.299094
4.690000,0.538274,0.044360,0.330031,0.516965,0.060980,0.277271,0.567117,0.033889,0.299310
4.700000,0.538249,0.044262,0.330232,0.516816,0.061271,0.277473,0.567081,0.033710,0.299508
4.710000,0.538212,0.044172,0.330453,0.517031,0.061006,0.277732,0.567071,0.033582,0.299730
4.720000,0.538180,0.044054,0.330698,0.517075,0.061014,0.277963,0.567048,0.033483,0.299957
4.730000,0.538122,0.043981,0.330941,0.516933,0.061285,0.278138,0.567024,0.033397,0.300190
4.740000,0.538065,0.043851,0.331131,0.516955,0.061264,0.278338,0.567001,0.033341,0.300404
4.750000,0.538002,0.043719,0.331341,0.516971,0.061242,0.278551,0.566940,0.033257,0.300620
4.760000,0.537948,0.043603,0.331510,0.517160,0.060961,0.278773,0.566908,0.033180,0.300842
4.770000,0.537875,0.043491,0.331671,0.517142,0.060955,0.278967,0.566877,0.033158,0.301075
4.780000,0.537785,0.043313,0.331836,0.517124,0.060931,0.279149,0.566804,0.033013,0.301272
4.790000,0.537692,0.043126,0.332020,0.517093,0.060916,0.279345,0.566725,0.032904,0.301441
4.800000,0.537586,0.042953,0.332186,0.517068,0.060910,0.279546,0.566630,0.032661,0.301615
4.810000,0.537491,0.042772,0.332373,0.517005,0.060866,0.279780,0.566527,0.032480,0.301780
4.820000,0.537376,0.042607,0.332567,0.516923,0.060804,0.279996,0.566411,0.032351,0.301952
4.830000,0.537243,0.042434,0.332742,0.516825,0.060744,0.280197,0.566294,0.032209,0.302115
4.840000,0.537135,0.042294,0.332929,0.516563,0.060969,0.280380,0.566173,0.032067,0.302273
4.850000,0.537018,0.042085,0.333085,0.516467,0.060891,0.280569,0.566053,0.031927,0.302420
4.860000,0.536903,0.041924,0.333249,0.516358,0.060852,0.280770,0.565943,0.031823,0.302580
4.870000,0.536801,0.041782,0.333423,0.516255,0.060717,0.280974,0.566165,0.032530,0.303114
4.880000,0.536713,0.041607,0.333567,0.516182,0.060632,0.281134,0.566034,0.032427,0.303265
4.890000,0.536637,0.041468,0.333698,0.516110,0.060532,0.281280,0.565951,0.032336,0.303392
4.900000,0.536533,0.041349,0.333848,0.516223,0.060138,0.281427,0.565871,0.032274,0.303530
4.910000,0.536459,0.041196,0.333968,0.516143,0.060082,0.281579,0.565780,0.032214,0.303663
4.920000,0.536374,0.041037,0.334083,0.516092,0.059946,0.281728,0.565717,0.032087,0.303780
4.930000,0.536310,0.040881,0.334214,0.516024,0.059845,0.281856,0.565626,0.032003,0.303912
4.940000,0.536224,0.040722,0.334331,0.515959,0.059742,0.281992,0.565542,0.031864,0.304029
4.950000,0.536144,0.040552,0.334438,0.515893,0.059656,0.282110,0.565464,0.031726,0.304126
4.960000,0.536054,0.040404,0.334544,0.515817,0.059566,0.282217,0.565383,0.031604,0.304225
4.970000,0.535995,0.040245,0.334641,0.515749,0.059450,0.282328,0.565295,0.031475,0.304340
4.980000,0.535929,0.040120,0.334744,0.515696,0.059331,0.282470,0.565225,0.031349,0.304431
4.990000,0.535856,0.039973,0.334850,0.515623,0.059276,0.282615,0.565161,0.031197,0.304521
5.000000,0.535802,0.039824,0.334933,0.515553,0.059205,0.282709,0.565102,0.031102,0.304614
5.010000,0.535759,0.039675,0.335019,0.515525,0.059142,0.282800,0.565046,0.030985,0.304680
5.020000,0.535715,0.039543,0.335093,0.515481,0.059089,0.282886,0.565012,0.030932,0.304762
5.030000,0.535690,0.039407,0.335148,0.515458,0.059063,0.282960,0.564507,0.029376,0.304343
5.040000,0.535682,0.039320,0.335207,0.515440,0.059031,0.283020,0.564476,0.029294,0.304380
5.050000,0.535669,0.039249,0.335251,0.515437,0.058978,0.283078,0.564463,0.029224,0.304427
5.060000,0.535670,0.039172,0.335297,0.515426,0.058946,0.283128,0.564444,0.029167,0.304467
5.070000,0.535654,0.039124,0.335339,0.515430,0.058937,0.283174,0.564455,0.029114,0.304497
5.080000,0.535680,0.039063,0.335366,0.515450,0.058897,0.283221,0.564444,0.029060,0.304526
5.090000,0.535691,0.039015,0.335415,0.515465,0.058893,0.283262,0.564447,0.029021,0.304556
5.100000,0.535716,0.038970,0.335443,0.515486,0.058885,0.283304,0.564464,0.028992,0.304581
5.110000,0.535738,0.038938,0.335464,0.515520,0.058873,0.283342,0.564507,0.028981,0.304627
5.120000,0.535755,0.038903,0.335511,0.515561,0.058866,0.283393,0.564509,0.028950,0.304648
5.130000,0.535775,0.038869,0.335527,0.515582,0.058859,0.283417,0.564533,0.028943,0.304681
5.140000,0.535785,0.038831,0.335563,0.515597,0.058856,0.283476,0.564535,0.028894,0.304711
5.150000,0.535791,0.038805,0.335600,0.515623,0.058843,0.283529,0.564554,0.028877,0.304742
5.160000,0.535803,0.038746,0.335646,0.515659,0.058857,0.283594,0.564560,0.028827,0.304794
5.170000,0.535815,0.038700,0.335686,0.515697,0.058849,0.283646,0.564571,0.028805,0.304823
5.180000,0.535812,0.038659,0.335729,0.515713,0.058846,0.283701,0.564575,0.028752,0.304875
5.190000,0.535810,0.038615,0.335785,0.515762,0.058814,0.283746,0.564577,0.028718,0.304924
5.200000,0.535797,0.038564,0.335828,0.515762,0.058850,0.283819,0.564568,0.028709,0.304975
5.210000,0.535787,0.038521,0.335876,0.515778,0.058851,0.283890,0.564565,0.028662,0.305039
5.220000,0.535778,0.038472,0.335957,0.515791,0.058834,0.283978,0.564554,0.028636,0.305119
5.230000,0.535771,0.038399,0.336032,0.515808,0.058829,0.284093,0.564546,0.028595,0.305205
5.240000,0.535756,0.038358,0.336130,0.515809,0.058815,0.284205,0.564544,0.028542,0.305319
5.250000,0.535740,0.038300,0.336236,0.515831,0.058797,0.284318,0.564525,0.028499,0.305429
5.260000,0.535712,0.038263,0.336353,0.515822,0.058748,0.284435,0.564502,0.028446,0.305528
5.270000,0.535689,0.038243,0.336494,0.515815,0.058719,0.284555,0.564486,0.028400,0.305658
5.280000,0.535666,0.038216,0.336628,0.515809,0.058688,0.284691,0.564476,0.028376,0.305764
5.290000,0.535646,0.038179,0.336748,0.515804,0.058659,0.284820,0.564472,0.028357,0.305895
5.300000,0.535646,0.038167,0.336866,0.515803,0.058682,0.284931,0.564479,0.028326,0.306014
5.310000,0.535632,0.038147,0.336971,0.515807,0.058665,0.285029,0.564474,0.028325,0.306120
5.320000,0.535626,0.038125,0.337082,0.515806,0.058684,0.285134,0.564477,0.028337,0.306235
5.330000,0.535619,0.038134,0.337211,0.515803,0.058686,0.285233,0.564463,0.028314,0.306310
5.340000,0.535635,0.038114,0.337333,0.515807,0.058685,0.285345,0.564943,0.029666,0.306878
5.350000,0.535641,0.038123,0.337430,0.515822,0.058718,0.285440,0.564529,0.028318,0.306516
5.360000,0.535659,0.038138,0.337520,0.515859,0.058754,0.285531,0.564551,0.028323,0.306595
5.370000,0.535684,0.038158,0.337609,0.515896,0.058856,0.285653,0.564578,0.028355,0.306684
5.380000,0.535708,0.038187,0.337683,0.515934,0.058914,0.285735,0.564619,0.028388,0.306762
5.390000,0.535734,0.038230,0.337766,0.515993,0.058962,0.285851,0.564656,0.028440,0.306859
5.400000,0.535767,0.038254,0.337844,0.516035,0.059050,0.285938,0.564686,0.028512,0.306937
5.410000,0.535804,0.038301,0.337923,0.516089,0.059137,0.286031,0.564727,0.028541,0.307023
5.420000,0.535845,0.038329,0.338000,0.516137,0.059222,0.286117,0.564777,0.028620,0.307104
5.430000,0.535893,0.038362,0.338076,0.516212,0.059337,0.286226,0.564824,0.028649,0.307174
5.440000,0.535927,0.038401,0.338140,0.516255,0.059458,0.286337,0.564911,0.028742,0.307264
5.450000,0.535960,0.038443,0.338215,0.516310,0.059551,0.286425,0.564972,0.028814,0.307349
5.460000,0.536008,0.038517,0.338294,0.516380,0.059610,0.286521,0.565012,0.028893,0.307440
5.470000,0.536027,0.038571,0.338367,0.516418,0.059720,0.286628,0.565043,0.028981,0.307513
5.480000,0.536039,0.038622,0.338435,0.516449,0.059792,0.286706,0.565083,0.029109,0.307615
5.490000,0.536063,0.038653,0.338537,0.516472,0.059898,0.286794,0.565107,0.029179,0.307698
5.500000,0.536086,0.038706,0.338611,0.516506,0.059969,0.286873,0.565135,0.029283,0.307779
5.510000,0.536104,0.038746,0.338677,0.516531,0.060058,0.286951,0.565182,0.029358,0.307875
5.520000,0.536129,0.038785,0.338760,0.516564,0.060166,0.287049,0.565208,0.029417,0.307949
5.530000,0.536148,0.038840,0.338826,0.516599,0.060253,0.287132,0.565219,0.029485,0.308015
5.540000,0.536160,0.038888,0.338917,0.516610,0.060334,0.287231,0.565238,0.029555,0.308097
5.550000,0.536162,0.038936,0.338989,0.516613,0.060379,0.287304,0.565243,0.029605,0.308160
5.560000,0.536172,0.038954,0.339055,0.516626,0.060439,0.287388,0.565231,0.029646,0.308226
5.570000,0.536174,0.038986,0.339105,0.516614,0.060485,0.287456,0.565229,0.029729,0.308297
5.580000,0.536174,0.039003,0.339158,0.516614,0.060519,0.287516,0.565233,0.029729,0.308312
5.590000,0.536175,0.039032,0.339196,0.516600,0.060561,0.287558,0.565238,0.029793,0.308367
5.600000,0.536170,0.039066,0.339226,0.516582,0.060588,0.287588,0.565232,0.029842,0.308381
5.610000,0.536163,0.039096,0.339248,0.516554,0.060614,0.287610,0.565211,0.029857,0.308398
5.620000,0.536148,0.039103,0.339255,0.516542,0.060646,0.287630,0.565161,0.029883,0.308391
5.630000,0.536134,0.039148,0.339257,0.516529,0.060681,0.287640,0.565157,0.029942,0.308399
5.640000,0.536136,0.039173,0.339258,0.516505,0.060684,0.287633,0.565143,0.029957,0.308396
5.650000,0.536136,0.039233,0.339258,0.516502,0.060721,0.287632,0.565126,0.030049,0.308382
5.660000,0.536133,0.039267,0.339245,0.516491,0.060755,0.287624,0.565119,0.030067,0.308368
5.670000,0.536144,0.039331,0.339221,0.516470,0.060809,0.287603,0.565111,0.030145,0.308341
5.680000,0.536156,0.039472,0.339198,0.516460,0.060845,0.287570,0.565114,0.030213,0.308298
5.690000,0.536158,0.039563,0.339161,0.516254,0.061238,0.287507,0.565119,0.030315,0.308269
5.700000,0.536158,0.039651,0.339115,0.516235,0.061312,0.287467,0.565126,0.030435,0.308223
5.710000,0.536169,0.039757,0.339071,0.516409,0.061117,0.287451,0.565141,0.030547,0.308187
5.720000,0.536203,0.039886,0.339029,0.516406,0.061295,0.287383,0.565174,0.030672,0.308139
5.730000,0.536247,0.040009,0.338991,0.516431,0.061407,0.287336,0.565217,0.030836,0.308083
5.740000,0.536304,0.040126,0.338929,0.516463,0.061541,0.287293,0.565268,0.031013,0.308036
5.750000,0.536345,0.040291,0.338876,0.516505,0.061680,0.287241,0.565340,0.031199,0.307965
5.760000,0.536413,0.040480,0.338815,0.516538,0.061862,0.287175,0.565403,0.031473,0.307925
5.770000,0.536454,0.040651,0.338764,0.516614,0.062038,0.287114,0.565439,0.031700,0.307856
5.780000,0.536525,0.040874,0.338708,0.516666,0.062250,0.287076,0.565494,0.031909,0.307781
5.790000,0.536582,0.041068,0.338658,0.516720,0.062474,0.287029,0.566019,0.033289,0.308266
