Time,org_x,org_y,org_z,xvec_x,xvec_y,xvec_z,zvec_x,zvec_y,zvec_z
0.000000,0.156801,0.065772,0.508187,0.185696,0.014616,0.504395,0.127053,0.029156,0.520431
0.010000,0.156717,0.065732,0.508173,0.185618,0.014623,0.504397,0.126961,0.029114,0.520418
0.020000,0.156639,0.065708,0.508162,0.185533,0.014572,0.504399,0.126872,0.029087,0.520399
0.030000,0.156567,0.065657,0.508143,0.185426,0.014546,0.504402,0.126793,0.029056,0.520383
0.040000,0.156496,0.065642,0.508147,0.185370,0.014522,0.504387,0.126721,0.029008,0.520366
0.050000,0.156432,0.065591,0.508132,0.185305,0.014473,0.504363,0.126664,0.028932,0.520334
0.060000,0.156370,0.065562,0.508113,0.185249,0.014420,0.504336,0.126576,0.028885,0.520311
0.070000,0.156298,0.065479,0.508101,0.185174,0.014366,0.504304,0.126504,0.028844,0.520285
0.080000,0.156226,0.065421,0.508059,0.185088,0.014309,0.504286,0.126404,0.028772,0.520241
0.090000,0.156142,0.065349,0.508037,0.184994,0.014253,0.504252,0.126305,0.028709,0.520198
0.100000,0.156058,0.065287,0.508014,0.184875,0.014160,0.504222,0.126183,0.028661,0.520150
0.110000,0.155941,0.065175,0.507954,0.184757,0.014095,0.504192,0.126062,0.028586,0.520105
0.120000,0.155812,0.065173,0.507949,0.184618,0.014022,0.504165,0.125943,0.028549,0.520041
0.130000,0.155710,0.065105,0.507923,0.184485,0.013941,0.504144,0.125803,0.028505,0.520001
0.140000,0.155547,0.065028,0.507928,0.184341,0.013847,0.504139,0.125646,0.028462,0.519941
0.150000,0.155437,0.064975,0.507914,0.184168,0.013742,0.504110,0.125506,0.028402,0.519893
0.160000,0.155331,0.064915,0.507904,0.184028,0.013647,0.504101,0.125357,0.028338,0.519829
0.170000,0.155136,0.064915,0.507905,0.183910,0.013579,0.504100,0.125198,0.028307,0.519796
0.180000,0.155040,0.064829,0.507899,0.183785,0.013482,0.504105,0.125070,0.028214,0.519757
0.190000,0.154944,0.064754,0.507918,0.183657,0.013353,0.504103,0.124938,0.028117,0.519736
0.200000,0.154863,0.064646,0.507917,0.183559,0.013272,0.504108,0.124808,0.028047,0.519721
0.210000,0.154801,0.064512,0.507945,0.183461,0.013188,0.504116,0.124718,0.027962,0.519726
0.220000,0.154723,0.064456,0.507963,0.183373,0.013105,0.504131,0.124631,0.027886,0.519712
0.230000,0.154666,0.064375,0.507979,0.183303,0.013034,0.504135,0.124563,0.027809,0.519693
0.240000,0.154601,0.064282,0.507993,0.183248,0.012983,0.504151,0.124493,0.027748,0.519687
0.250000,0.154535,0.064223,0.508020,0.183167,0.012926,0.504186,0.124408,0.027682,0.519685
0.260000,0.154483,0.064146,0.508043,0.183096,0.012896,0.504234,0.124338,0.027657,0.519694
0.270000,0.154413,0.064139,0.508113,0.183028,0.012854,0.504286,0.124256,0.027630,0.519712
0.280000,0.154378,0.064086,0.508151,0.182966,0.012784,0.504335,0.124201,0.027595,0.519730
0.290000,0.154346,0.064047,0.508205,0.182912,0.012756,0.504393,0.124146,0.027572,0.519765
0.300000,0.154321,0.063997,0.508256,0.182863,0.012705,0.504453,0.124094,0.027536,0.519826
0.310000,0.154303,0.063953,0.508315,0.182829,0.012662,0.504511,0.124056,0.027534,0.519859
0.320000,0.154294,0.063934,0.508372,0.182786,0.012619,0.504566,0.124024,0.027497,0.519912
0.330000,0.154275,0.063903,0.508436,0.182738,0.012543,0.504641,0.123989,0.027478,0.519949
0.340000,0.154266,0.063866,0.508490,0.182705,0.012490,0.504701,0.123969,0.027446,0.519999
0.350000,0.154268,0.063810,0.508553,0.182681,0.012445,0.504774,0.123939,0.027399,0.520051
0.360000,0.154268,0.063774,0.508625,0.182650,0.012392,0.504837,0.123922,0.027394,0.520116
0.370000,0.154275,0.063780,0.508751,0.182647,0.012376,0.504935,0.123907,0.027379,0.520195
0.380000,0.154285,0.063771,0.508844,0.182641,0.012354,0.505029,0.123899,0.027377,0.520261
0.390000,0.154285,0.063780,0.508959,0.182637,0.012334,0.505123,0.123907,0.027365,0.520332
0.400000,0.154295,0.063771,0.509051,0.182643,0.012329,0.505213,0.123910,0.027360,0.520428
0.410000,0.154316,0.063772,0.509142,0.182644,0.012316,0.505315,0.123907,0.027397,0.520531
0.420000,0.154341,0.063760,0.509227,0.182638,0.012302,0.505404,0.123902,0.027422,0.520627
0.430000,0.154355,0.063770,0.509334,0.182644,0.012281,0.505502,0.123904,0.027441,0.520723
0.440000,0.154420,0.063653,0.509448,0.182659,0.012264,0.505609,0.123927,0.027424,0.520829
0.450000,0.154472,0.063641,0.509547,0.182695,0.012242,0.505699,0.123983,0.027402,0.520924
0.460000,0.154513,0.063636,0.509643,0.182748,0.012213,0.505801,0.124019,0.027399,0.521017
0.470000,0.154566,0.063634,0.509722,0.182795,0.012164,0.505898,0.124074,0.027368,0.521105
0.480000,0.154638,0.063589,0.509785,0.182869,0.012128,0.505996,0.124137,0.027336,0.521211
0.490000,0.154700,0.063594,0.509906,0.182911,0.012088,0.506096,0.124202,0.027337,0.521301
0.500000,0.154762,0.063618,0.509999,0.182986,0.012056,0.506200,0.124280,0.027300,0.521394
0.510000,0.154855,0.063584,0.510118,0.183043,0.012020,0.506298,0.124341,0.027256,0.521488
0.520000,0.154946,0.063604,0.510252,0.183083,0.011939,0.506404,0.124415,0.027292,0.521581
0.530000,0.155011,0.063607,0.510330,0.183134,0.011932,0.506492,0.124472,0.027279,0.521682
0.540000,0.155080,0.063640,0.510419,0.183177,0.011910,0.506564,0.124531,0.027306,0.521758
0.550000,0.155151,0.063659,0.510491,0.183212,0.011920,0.506656,0.124586,0.027345,0.521837
0.560000,0.155208,0.063685,0.510560,0.183274,0.011921,0.506723,0.124667,0.027340,0.521929
0.570000,0.155262,0.063707,0.510630,0.183358,0.011955,0.506794,0.124748,0.027348,0.521996
0.580000,0.155361,0.063722,0.510667,0.183428,0.011981,0.506853,0.124841,0.027381,0.522059
0.590000,0.155490,0.063732,0.510738,0.183520,0.011987,0.506906,0.124942,0.027379,0.522122
0.600000,0.155595,0.063671,0.510786,0.183604,0.011997,0.506941,0.125036,0.027432,0.522185
0.610000,0.155684,0.063711,0.510834,0.183700,0.012030,0.507003,0.125122,0.027437,0.522238
0.620000,0.155751,0.063704,0.510865,0.183776,0.012065,0.507047,0.125188,0.027454,0.522270
0.630000,0.155830,0.063657,0.510885,0.183826,0.012053,0.507077,0.125250,0.027452,0.522309
0.640000,0.155890,0.063656,0.510900,0.183911,0.012057,0.507120,0.125296,0.027480,0.522334
0.650000,0.155932,0.063654,0.510922,0.183952,0.012068,0.507143,0.125329,0.027492,0.522354
0.660000,0.155988,0.063657,0.510915,0.183989,0.012061,0.507173,0.125366,0.027493,0.522360
0.670000,0.156030,0.063695,0.510924,0.184030,0.012070,0.507201,0.125409,0.027538,0.522379
0.680000,0.156078,0.063705,0.510922,0.184084,0.012090,0.507199,0.125454,0.027564,0.522368
0.690000,0.156115,0.063735,0.510911,0.184147,0.012140,0.507207,0.125509,0.027615,0.522371
0.700000,0.156174,0.063752,0.510898,0.184200,0.012155,0.507203,0.125558,0.027645,0.522358
0.710000,0.156266,0.063746,0.510828,0.184256,0.012185,0.507183,0.125610,0.027656,0.522339
0.720000,0.156314,0.063777,0.510814,0.184281,0.012179,0.507163,0.125648,0.027699,0.522321
0.730000,0.156347,0.063779,0.510786,0.184309,0.012220,0.507144,0.125673,0.027723,0.522288
0.740000,0.156393,0.063778,0.510743,0.184337,0.012235,0.507129,0.125706,0.027776,0.522272
0.750000,0.156405,0.063825,0.510735,0.184370,0.012259,0.507114,0.125722,0.027799,0.522256
0.760000,0.156447,0.063844,0.510699,0.184393,0.012287,0.507089,0.125767,0.027829,0.522210
0.770000,0.156473,0.063832,0.510674,0.184419,0.012291,0.507057,0.125787,0.027828,0.522166
0.780000,0.156535,0.063812,0.510618,0.184450,0.012284,0.507012,0.125842,0.027838,0.522125
0.790000,0.156558,0.063798,0.510575,0.184475,0.012291,0.506959,0.125855,0.027845,0.522076
0.800000,0.156562,0.063830,0.510522,0.184500,0.012251,0.506895,0.125872,0.027839,0.522026
0.810000,0.156595,0.063749,0.510490,0.184507,0.012224,0.506846,0.125879,0.027796,0.521989
0.820000,0.156604,0.063780,0.510429,0.184526,0.012205,0.506801,0.125889,0.027784,0.521930
0.830000,0.156641,0.063749,0.510370,0.184551,0.012199,0.506728,0.125917,0.027767,0.521865
0.840000,0.156662,0.063739,0.510310,0.184570,0.012144,0.506639,0.125946,0.027743,0.521803
0.850000,0.156695,0.063752,0.510255,0.184607,0.012172,0.506566,0.125984,0.027753,0.521744
0.860000,0.156708,0.063763,0.510198,0.184620,0.012169,0.506484,0.125988,0.027810,0.521661
0.870000,0.156754,0.063775,0.510112,0.184626,0.012212,0.506412,0.125993,0.027808,0.521591
0.880000,0.156734,0.063781,0.510056,0.184607,0.012214,0.506356,0.125961,0.027815,0.521511
0.890000,0.156727,0.063787,0.510020,0.184592,0.012276,0.506288,0.125931,0.027843,0.521452
0.900000,0.156701,0.063768,0.509964,0.184565,0.012269,0.506242,0.125907,0.027842,0.521386
0.910000,0.156702,0.063773,0.509877,0.184549,0.012248,0.506190,0.125898,0.027836,0.521322
0.920000,0.156704,0.063767,0.509842,0.184567,0.012254,0.506131,0.125910,0.027839,0.521263
0.930000,0.156698,0.063817,0.509751,0.184592,0.012242,0.506070,0.125942,0.027795,0.521196
0.940000,0.156731,0.063788,0.509693,0.184608,0.012211,0.506000,0.125985,0.027789,0.521145
0.950000,0.156762,0.063773,0.509643,0.184657,0.012222,0.505943,0.126013,0.027771,0.521089
0.960000,0.156785,0.063752,0.509580,0.184667,0.012187,0.505880,0.126035,0.027766,0.521046
0.970000,0.156808,0.063752,0.509544,0.184679,0.012173,0.505825,0.126064,0.027776,0.520995
0.980000,0.156830,0.063743,0.509481,0.184687,0.012161,0.505767,0.126081,0.027785,0.520940
0.990000,0.156849,0.063737,0.509418,0.184696,0.012169,0.505704,0.126082,0.027804,0.520900
1.000000,0.156879,0.063754,0.509355,0.184686,0.012168,0.505629,0.126108,0.027828,0.520823
1.010000,0.156888,0.063754,0.509296,0.184703,0.012194,0.505575,0.126132,0.027848,0.520781
1.020000,0.156928,0.063783,0.509226,0.184720,0.012218,0.505509,0.126143,0.027887,0.520714
1.030000,0.156947,0.063807,0.509169,0.184748,0.012232,0.505439,0.126174,0.027895,0.520671
1.040000,0.157000,0.063829,0.509096,0.184790,0.012248,0.505380,0.126210,0.027934,0.520615
1.050000,0.157028,0.063864,0.509060,0.184819,0.012266,0.505330,0.126245,0.027952,0.520580
1.060000,0.157064,0.063872,0.509002,0.184855,0.012264,0.505264,0.126277,0.027971,0.520527
1.070000,0.157113,0.063869,0.508950,0.184890,0.012272,0.505190,0.126316,0.027958,0.520482
1.080000,0.157147,0.063867,0.508881,0.184900,0.012242,0.505134,0.126353,0.027985,0.520447
1.090000,0.157180,0.063874,0.508844,0.184941,0.012254,0.505084,0.126378,0.028013,0.520399
1.100000,0.157206,0.063897,0.508806,0.184955,0.012243,0.505015,0.126415,0.028041,0.520367
1.110000,0.157244,0.063917,0.508755,0.184980,0.012265,0.504976,0.126452,0.028051,0.520330
1.120000,0.157282,0.063940,0.508702,0.185019,0.012279,0.504927,0.126501,0.028071,0.520288
1.130000,0.157331,0.063969,0.508656,0.185059,0.012296,0.504865,0.126556,0.028107,0.520234
1.140000,0.157374,0.064014,0.508590,0.185101,0.012323,0.504807,0.126603,0.028135,0.520194
1.150000,0.157410,0.064039,0.508521,0.185149,0.012368,0.504747,0.126648,0.028174,0.520123
1.160000,0.157450,0.064075,0.508459,0.185180,0.012384,0.504678,0.126688,0.028211,0.520049
1.170000,0.157487,0.064089,0.508390,0.185210,0.012416,0.504591,0.126732,0.028226,0.519988
1.180000,0.157512,0.064137,0.508338,0.185229,0.012403,0.504520,0.126771,0.028270,0.519932
1.190000,0.157557,0.064162,0.508261,0.185272,0.012453,0.504454,0.126816,0.028269,0.519846
1.200000,0.157595,0.064242,0.508213,0.185296,0.012440,0.504376,0.126855,0.028299,0.519803
1.210000,0.157631,0.064231,0.508127,0.185344,0.012473,0.504313,0.126902,0.028325,0.519751
1.220000,0.157686,0.064237,0.508047,0.185386,0.012517,0.504242,0.126945,0.028341,0.519693
1.230000,0.157736,0.064247,0.507966,0.185421,0.012513,0.504176,0.126982,0.028381,0.519656
1.240000,0.157790,0.064252,0.507897,0.185461,0.012534,0.504104,0.127034,0.028390,0.519602
1.250000,0.157838,0.064253,0.507796,0.185497,0.012534,0.504019,0.127074,0.028412,0.519534
1.260000,0.157873,0.064268,0.507705,0.185537,0.012528,0.503950,0.127116,0.028432,0.519493
1.270000,0.157906,0.064287,0.507636,0.185559,0.012541,0.503857,0.127153,0.028446,0.519432
1.280000,0.157992,0.064272,0.507529,0.185605,0.012557,0.503789,0.127189,0.028495,0.519389
1.290000,0.158034,0.064297,0.507470,0.185653,0.012600,0.503709,0.127239,0.028499,0.519333
1.300000,0.158088,0.064304,0.507409,0.185709,0.012605,0.503640,0.127291,0.028511,0.519278
1.310000,0.158138,0.064331,0.507356,0.185771,0.012631,0.503578,0.127355,0.028525,0.519216
1.320000,0.158193,0.064341,0.507289,0.185853,0.012676,0.503502,0.127427,0.028534,0.519162
1.330000,0.158298,0.064300,0.507204,0.185929,0.012680,0.503430,0.127510,0.028563,0.519111
1.340000,0.158370,0.064305,0.507142,0.185999,0.012730,0.503346,0.127591,0.028578,0.519061
1.350000,0.158427,0.064332,0.507075,0.186056,0.012755,0.503265,0.127667,0.028574,0.519005
1.360000,0.158477,0.064339,0.507021,0.186093,0.012755,0.503206,0.127712,0.028596,0.518967
1.370000,0.158513,0.064343,0.506978,0.186117,0.012724,0.503131,0.127747,0.028614,0.518911
1.380000,0.158567,0.064344,0.506937,0.186160,0.012762,0.503079,0.127786,0.028632,0.518865
1.390000,0.158618,0.064411,0.506873,0.186208,0.012772,0.503017,0.127848,0.028635,0.518818
1.400000,0.158649,0.064446,0.506822,0.186270,0.012771,0.502973,0.127908,0.028625,0.518785
1.410000,0.158710,0.064395,0.506807,0.186344,0.012775,0.502908,0.127969,0.028601,0.518728
1.420000,0.158782,0.064385,0.506746,0.186401,0.012766,0.502851,0.128046,0.028577,0.518702
1.430000,0.158832,0.064393,0.506712,0.186454,0.012738,0.502801,0.128097,0.028570,0.518669
1.440000,0.158897,0.064385,0.506675,0.186524,0.012746,0.502738,0.128171,0.028569,0.518641
1.450000,0.158950,0.064410,0.506643,0.186568,0.012701,0.502668,0.128250,0.028577,0.518607
1.460000,0.159010,0.064410,0.506612,0.186626,0.012719,0.502601,0.128327,0.028578,0.518580
1.470000,0.159063,0.064450,0.506588,0.186662,0.012743,0.502555,0.128366,0.028612,0.518543
1.480000,0.159098,0.064497,0.506576,0.186681,0.012776,0.502505,0.128406,0.028642,0.518534
1.490000,0.159121,0.064498,0.506553,0.186695,0.012811,0.502487,0.128421,0.028681,0.518529
1.500000,0.159143,0.064544,0.506553,0.186695,0.012840,0.502477,0.128435,0.028724,0.518532
1.510000,0.159161,0.064589,0.506562,0.186713,0.012874,0.502479,0.128449,0.028749,0.518528
1.520000,0.159173,0.064629,0.506566,0.186725,0.012888,0.502470,0.128457,0.028783,0.518536
1.530000,0.159198,0.064621,0.506559,0.186733,0.012867,0.502462,0.128481,0.028771,0.518537
1.540000,0.159206,0.064611,0.506558,0.186742,0.012887,0.502456,0.128486,0.028786,0.518544
1.550000,0.159208,0.064625,0.506565,0.186753,0.012866,0.502442,0.128498,0.028777,0.518549
1.560000,0.159204,0.064601,0.506555,0.186755,0.012859,0.502443,0.128497,0.028765,0.518555
1.570000,0.159189,0.064599,0.506566,0.186728,0.012843,0.502434,0.128485,0.028758,0.518564
1.580000,0.159144,0.064558,0.506580,0.186704,0.012843,0.502442,0.128466,0.028739,0.518576
1.590000,0.159114,0.064517,0.506585,0.186661,0.012826,0.502458,0.128424,0.028722,0.518603
1.600000,0.159062,0.064538,0.506615,0.186627,0.012864,0.502487,0.128371,0.028722,0.518620
1.610000,0.159020,0.064515,0.506632,0.186576,0.012850,0.502513,0.128302,0.028761,0.518650
1.620000,0.158961,0.064535,0.506651,0.186501,0.012867,0.502561,0.128237,0.028760,0.518674
1.630000,0.158909,0.064517,0.506661,0.186450,0.012888,0.502598,0.128178,0.028769,0.518696
1.640000,0.158846,0.064516,0.506685,0.186391,0.012891,0.502627,0.128101,0.028757,0.518715
1.650000,0.158771,0.064561,0.506725,0.186320,0.012918,0.502652,0.128029,0.028766,0.518725
1.660000,0.158709,0.064552,0.506726,0.186235,0.012888,0.502670,0.127969,0.028746,0.518734
1.670000,0.158653,0.064528,0.506739,0.186156,0.012861,0.502694,0.127893,0.028760,0.518752
1.680000,0.158577,0.064502,0.506737,0.186097,0.012856,0.502719,0.127825,0.028745,0.518763
1.690000,0.158530,0.064479,0.506740,0.186040,0.012830,0.502743,0.127754,0.028753,0.518790
1.700000,0.158486,0.064481,0.506760,0.185973,0.012815,0.502772,0.127692,0.028746,0.518803
1.710000,0.158437,0.064478,0.506789,0.185921,0.012808,0.502795,0.127637,0.028723,0.518833
1.720000,0.158389,0.064469,0.506818,0.185848,0.012744,0.502822,0.127563,0.028739,0.518868
1.730000,0.158347,0.064452,0.506840,0.185802,0.012726,0.502858,0.127517,0.028736,0.518893
1.740000,0.158346,0.064334,0.506915,0.185732,0.012697,0.502872,0.127472,0.028706,0.518926
1.750000,0.158311,0.064362,0.506911,0.185690,0.012662,0.502880,0.127432,0.028717,0.518947
1.760000,0.158274,0.064321,0.506941,0.185651,0.012605,0.502891,0.127413,0.028663,0.518974
1.770000,0.158262,0.064280,0.506947,0.185625,0.012549,0.502882,0.127386,0.028640,0.518989
1.780000,0.158258,0.064192,0.506935,0.185610,0.012527,0.502867,0.127377,0.028607,0.518997
1.790000,0.158244,0.064173,0.506948,0.185574,0.012460,0.502857,0.127344,0.028592,0.519002
1.800000,0.158227,0.064109,0.506937,0.185545,0.012430,0.502844,0.127330,0.028530,0.519000
1.810000,0.158174,0.064123,0.506955,0.185509,0.012397,0.502842,0.127301,0.028517,0.519008
1.820000,0.158147,0.064111,0.506949,0.185464,0.012359,0.502830,0.127261,0.028486,0.519004
1.830000,0.158114,0.064073,0.506948,0.185417,0.012311,0.502815,0.127224,0.028460,0.518990
1.840000,0.158084,0.064056,0.506936,0.185371,0.012293,0.502808,0.127171,0.028449,0.518970
1.850000,0.158052,0.064035,0.506917,0.185317,0.012272,0.502801,0.127123,0.028434,0.518962
1.860000,0.157986,0.064061,0.506931,0.185257,0.012239,0.502774,0.127058,0.028437,0.518946
1.870000,0.157942,0.064074,0.506915,0.185189,0.012249,0.502761,0.127014,0.028456,0.518914
1.880000,0.157905,0.064074,0.506886,0.185105,0.012225,0.502734,0.126944,0.028483,0.518879
1.890000,0.157852,0.064127,0.506879,0.185046,0.012257,0.502729,0.126875,0.028515,0.518841
1.900000,0.157786,0.064180,0.506878,0.184953,0.012281,0.502679,0.126794,0.028617,0.518788
1.910000,0.157719,0.064276,0.506859,0.184913,0.012368,0.502661,0.126741,0.028626,0.518756
1.920000,0.157683,0.064284,0.506840,0.184875,0.012392,0.502649,0.126700,0.028659,0.518731
1.930000,0.157611,0.064354,0.506839,0.184844,0.012431,0.502634,0.126650,0.028703,0.518686
1.940000,0.157578,0.064373,0.506828,0.184818,0.012465,0.502614,0.126615,0.028712,0.518667
1.950000,0.157552,0.064417,0.506811,0.184784,0.012469,0.502592,0.126579,0.028726,0.518644
1.960000,0.157514,0.064414,0.506777,0.184771,0.012510,0.502588,0.126555,0.028741,0.518616
1.970000,0.157468,0.064477,0.506716,0.184731,0.012481,0.502560,0.126532,0.028743,0.518597
1.980000,0.157432,0.064467,0.506700,0.184710,0.012490,0.502551,0.126502,0.028755,0.518586
1.990000,0.157400,0.064478,0.506685,0.184686,0.012508,0.502527,0.126461,0.028744,0.518568
2.000000,0.157369,0.064503,0.506675,0.184644,0.012512,0.502504,0.126426,0.028758,0.518538
2.010000,0.157334,0.064505,0.506630,0.184604,0.012523,0.502474,0.126395,0.028768,0.518511
2.020000,0.157297,0.064548,0.506600,0.184574,0.012567,0.502461,0.126357,0.028829,0.518478
2.030000,0.157258,0.064589,0.506560,0.184549,0.012618,0.502442,0.126321,0.028863,0.518436
2.040000,0.157224,0.064637,0.506543,0.184519,0.012679,0.502431,0.126280,0.028918,0.518400
2.050000,0.157181,0.064694,0.506526,0.184498,0.012755,0.502445,0.126237,0.028976,0.518368
2.060000,0.157160,0.064744,0.506513,0.184482,0.012821,0.502450,0.126220,0.029024,0.518344
2.070000,0.157139,0.064782,0.506500,0.184469,0.012862,0.502451,0.126195,0.029050,0.518323
2.080000,0.157121,0.064809,0.506478,0.184467,0.012923,0.502453,0.126186,0.029111,0.518309
2.090000,0.157098,0.064857,0.506472,0.184451,0.012950,0.502452,0.126171,0.029091,0.518293
2.100000,0.157066,0.064904,0.506486,0.184446,0.012981,0.502463,0.126153,0.029123,0.518287
2.110000,0.157039,0.064912,0.506478,0.184428,0.012995,0.502463,0.126136,0.029109,0.518281
2.120000,0.157016,0.064920,0.506478,0.184409,0.012999,0.502474,0.126120,0.029136,0.518272
2.130000,0.157000,0.064913,0.506475,0.184397,0.012989,0.502473,0.126097,0.029112,0.518266
2.140000,0.156969,0.064912,0.506485,0.184404,0.013015,0.502499,0.126075,0.029070,0.518258
2.150000,0.156956,0.064908,0.506494,0.184408,0.013005,0.502511,0.126082,0.029067,0.518287
2.160000,0.156962,0.064891,0.506509,0.184447,0.013029,0.502533,0.126106,0.029043,0.518308
2.170000,0.156978,0.064903,0.506539,0.184495,0.013035,0.502543,0.126163,0.029015,0.518325
2.180000,0.157021,0.064897,0.506561,0.184602,0.013065,0.502559,0.126236,0.028966,0.518360
2.190000,0.157087,0.064906,0.506603,0.184712,0.013073,0.502551,0.126336,0.028938,0.518410
2.200000,0.157194,0.064862,0.506618,0.184832,0.013081,0.502546,0.126473,0.028932,0.518477
2.210000,0.157276,0.064855,0.506663,0.184967,0.013106,0.502549,0.126603,0.028888,0.518547
2.220000,0.157362,0.064845,0.506715,0.185116,0.013152,0.502566,0.126744,0.028834,0.518643
2.230000,0.157435,0.064828,0.506777,0.185237,0.013165,0.502594,0.126883,0.028805,0.518741
2.240000,0.157540,0.064811,0.506880,0.185371,0.013171,0.502627,0.127025,0.028755,0.518858
2.250000,0.157650,0.064825,0.506968,0.185553,0.013168,0.502663,0.127206,0.028652,0.519025
2.260000,0.157793,0.064767,0.507117,0.185738,0.013196,0.502712,0.127402,0.028605,0.519178
2.270000,0.158017,0.064633,0.507202,0.185977,0.013267,0.502775,0.127629,0.028578,0.519371
2.280000,0.158241,0.064650,0.507362,0.186285,0.013347,0.502869,0.127965,0.028473,0.519577
2.290000,0.158583,0.064586,0.507541,0.186669,0.013366,0.503008,0.128349,0.028382,0.519823
2.300000,0.158897,0.064578,0.507751,0.187103,0.013422,0.503169,0.128812,0.028285,0.520108
2.310000,0.159215,0.064611,0.507972,0.187622,0.013521,0.503378,0.129345,0.028241,0.520469
2.320000,0.159598,0.064656,0.508248,0.188236,0.013621,0.503628,0.129916,0.028166,0.520860
2.330000,0.160044,0.064674,0.508594,0.188866,0.013731,0.503926,0.130541,0.028051,0.521317
2.340000,0.160531,0.064776,0.508942,0.189570,0.013855,0.504310,0.131235,0.027976,0.521804
2.350000,0.161115,0.064881,0.509420,0.190416,0.014164,0.504835,0.131998,0.028007,0.522397
2.360000,0.161650,0.065050,0.509865,0.191266,0.014346,0.505317,0.132799,0.027973,0.522980
2.370000,0.162386,0.065183,0.510267,0.192202,0.014598,0.505825,0.133783,0.027919,0.523650
2.380000,0.163137,0.065312,0.510733,0.193265,0.015027,0.506339,0.134836,0.028046,0.524356
2.390000,0.163951,0.065572,0.511267,0.194451,0.015471,0.506894,0.135940,0.028175,0.525086
2.400000,0.164800,0.065951,0.511849,0.195658,0.016061,0.507550,0.137211,0.028251,0.525897
2.410000,0.165397,0.066909,0.512993,0.196981,0.016693,0.508220,0.138429,0.028453,0.526767
2.420000,0.166675,0.066869,0.513096,0.198390,0.017477,0.509055,0.139642,0.028753,0.527711
2.430000,0.167537,0.067347,0.513825,0.200552,0.019730,0.510335,0.140956,0.029081,0.528734
2.440000,0.168161,0.068673,0.515151,0.202061,0.020670,0.511290,0.142319,0.029382,0.529737
2.450000,0.169070,0.069274,0.515794,0.203569,0.021767,0.512296,0.143901,0.029820,0.530647
2.460000,0.169978,0.070404,0.516726,0.205149,0.023044,0.513412,0.145464,0.030585,0.531715
2.470000,0.171040,0.071300,0.517448,0.206785,0.024464,0.514484,0.147033,0.031247,0.532846
2.480000,0.171995,0.072333,0.518137,0.208464,0.026023,0.515664,0.148655,0.032206,0.534031
2.490000,0.173232,0.073673,0.518901,0.210210,0.027819,0.516820,0.150406,0.033255,0.535273
2.500000,0.174202,0.075075,0.519893,0.212167,0.029780,0.518056,0.152296,0.034493,0.536620
2.510000,0.175340,0.077063,0.520986,0.214161,0.032002,0.519328,0.154372,0.035710,0.537988
2.520000,0.176754,0.078756,0.521813,0.216282,0.034270,0.520681,0.156456,0.037292,0.539425
2.530000,0.177888,0.080230,0.522835,0.218197,0.036438,0.521971,0.157684,0.040400,0.541698
2.540000,0.179259,0.082237,0.523782,0.220362,0.039187,0.523411,0.160713,0.040684,0.542594
2.550000,0.180491,0.084136,0.524715,0.222614,0.042183,0.524905,0.163137,0.042244,0.543880
2.560000,0.181686,0.086155,0.525723,0.224934,0.045561,0.526434,0.165479,0.044287,0.545336
2.570000,0.183047,0.088575,0.526697,0.227110,0.048849,0.527943,0.167969,0.046399,0.546811
2.580000,0.184424,0.091071,0.527602,0.229562,0.052542,0.529414,0.170480,0.048916,0.548342
2.590000,0.185946,0.093682,0.528543,0.232217,0.056805,0.530837,0.173157,0.051546,0.549878
2.600000,0.187588,0.096417,0.529418,0.234808,0.060973,0.532191,0.175966,0.054273,0.551395
2.610000,0.189263,0.099495,0.530318,0.237457,0.065415,0.533450,0.178832,0.057361,0.553036
2.620000,0.190976,0.102656,0.531289,0.240036,0.069896,0.534666,0.181835,0.060668,0.554618
2.630000,0.192675,0.105906,0.532139,0.242657,0.074740,0.535869,0.184895,0.064073,0.556265
2.640000,0.194517,0.109552,0.533032,0.245285,0.079684,0.536953,0.187923,0.067871,0.557906
2.650000,0.196278,0.113016,0.533838,0.247915,0.084935,0.538011,0.191044,0.071795,0.559460
2.660000,0.197961,0.116604,0.534581,0.250472,0.090360,0.539013,0.194126,0.075804,0.560857
2.670000,0.199560,0.120242,0.535287,0.253005,0.095826,0.539876,0.196964,0.080021,0.562410
2.680000,0.201372,0.124290,0.536002,0.255443,0.101625,0.540822,0.200132,0.084314,0.563672
2.690000,0.202969,0.128295,0.536672,0.257681,0.107289,0.541548,0.202809,0.088801,0.565017
2.700000,0.204513,0.132334,0.537198,0.259829,0.113252,0.542233,0.205601,0.093441,0.566254
2.710000,0.205922,0.136585,0.537736,0.261797,0.119239,0.542800,0.208260,0.098246,0.567342
2.720000,0.207262,0.140781,0.538139,0.263642,0.125257,0.543270,0.210828,0.103114,0.568376
2.730000,0.208611,0.145068,0.538446,0.265387,0.131359,0.543609,0.213330,0.108191,0.569327
2.740000,0.209902,0.149434,0.538778,0.267029,0.137603,0.543852,0.215784,0.113245,0.570161
2.750000,0.211134,0.153841,0.538942,0.268594,0.143754,0.543910,0.218111,0.118520,0.570984
2.760000,0.212225,0.158392,0.539048,0.269987,0.149891,0.543782,0.220404,0.123887,0.571597
2.770000,0.213343,0.162865,0.538989,0.271288,0.156144,0.543519,0.222548,0.129433,0.572175
2.780000,0.214387,0.167409,0.538884,0.272443,0.162284,0.543110,0.224714,0.134650,0.572396
2.790000,0.215074,0.172070,0.538769,0.273342,0.168561,0.542616,0.226561,0.140044,0.572601
2.800000,0.215933,0.176497,0.538431,0.274167,0.174670,0.542036,0.228137,0.145733,0.572933
2.810000,0.216288,0.181383,0.538024,0.274923,0.180440,0.541214,0.229533,0.151446,0.573148
2.820000,0.216941,0.185369,0.537608,0.275192,0.186757,0.540627,0.230918,0.156866,0.573190
2.830000,0.217223,0.189711,0.537155,0.275415,0.192688,0.539813,0.232036,0.162442,0.573234
2.840000,0.217369,0.194047,0.536529,0.275605,0.198267,0.538748,0.233065,0.167901,0.572961
2.850000,0.217396,0.198395,0.535914,0.275373,0.204303,0.537933,0.233700,0.173594,0.573030
2.860000,0.217326,0.202558,0.535162,0.275098,0.210023,0.536814,0.234352,0.178906,0.572586
2.870000,0.217124,0.206750,0.534305,0.274685,0.215523,0.535673,0.234844,0.184100,0.572082
2.880000,0.216800,0.210754,0.533389,0.274190,0.220922,0.534393,0.235165,0.189314,0.571541
2.890000,0.216346,0.214674,0.532364,0.273525,0.226224,0.532920,0.235294,0.194485,0.570796
2.900000,0.215804,0.218775,0.531299,0.272768,0.231323,0.531354,0.235273,0.199597,0.570000
2.910000,0.215115,0.222633,0.529960,0.271815,0.236253,0.529637,0.235086,0.204665,0.569026
2.920000,0.214331,0.226433,0.528596,0.270796,0.241065,0.527838,0.234773,0.209596,0.567955
2.930000,0.213467,0.230197,0.527182,0.269714,0.245659,0.525953,0.234348,0.214494,0.566780
2.940000,0.212477,0.233875,0.525678,0.268480,0.250174,0.523993,0.233749,0.219317,0.565585
2.950000,0.211388,0.237515,0.524141,0.267162,0.254460,0.522020,0.232969,0.224105,0.564354
2.960000,0.210185,0.241037,0.522548,0.265726,0.258688,0.519933,0.232041,0.228692,0.562987
2.970000,0.208815,0.244462,0.520874,0.264145,0.262828,0.517845,0.231015,0.233246,0.561532
2.980000,0.207419,0.247954,0.519142,0.262545,0.266793,0.515733,0.229815,0.237777,0.560044
2.990000,0.205879,0.251274,0.517460,0.260827,0.270701,0.513616,0.228512,0.242260,0.558516
3.000000,0.204327,0.254597,0.515632,0.259052,0.274558,0.511421,0.227090,0.246592,0.556906
3.010000,0.202745,0.257840,0.513980,0.257207,0.278344,0.509402,0.225599,0.250849,0.555346
3.020000,0.200953,0.260965,0.512191,0.255318,0.281858,0.507271,0.224001,0.254970,0.553749
3.030000,0.199154,0.264351,0.510715,0.253242,0.285373,0.505078,0.222288,0.259079,0.552129
3.040000,0.197209,0.267252,0.508903,0.251118,0.288623,0.502891,0.220474,0.262931,0.550413
3.050000,0.195178,0.269940,0.507025,0.248909,0.291788,0.500716,0.218560,0.266681,0.548690
3.060000,0.193062,0.272753,0.505262,0.246571,0.294978,0.498530,0.216488,0.270272,0.546890
3.070000,0.190871,0.275373,0.503459,0.244189,0.297929,0.496397,0.214408,0.273771,0.545134
3.080000,0.188638,0.277794,0.501711,0.241755,0.300834,0.494235,0.212184,0.277250,0.543424
3.090000,0.186007,0.280623,0.500038,0.239320,0.303597,0.492165,0.209922,0.280548,0.541620
3.100000,0.183747,0.283123,0.498314,0.236859,0.306363,0.490026,0.207659,0.283822,0.539855
3.110000,0.181484,0.285490,0.496531,0.234378,0.308968,0.487952,0.205305,0.286917,0.538103
3.120000,0.179612,0.288922,0.496297,0.231843,0.311541,0.485881,0.202877,0.289943,0.536357
3.130000,0.176537,0.290248,0.492593,0.229205,0.313908,0.483857,0.200409,0.292735,0.534589
3.140000,0.174683,0.290567,0.489992,0.226484,0.316264,0.482003,0.197927,0.295525,0.532810
3.150000,0.171692,0.294195,0.488972,0.223849,0.318491,0.480065,0.195379,0.298124,0.531050
3.160000,0.171972,0.291929,0.487259,0.221155,0.320632,0.478143,0.192775,0.300634,0.529342
3.170000,0.169661,0.293411,0.485596,0.218435,0.322708,0.476280,0.190150,0.303031,0.527630
3.180000,0.167235,0.295051,0.484041,0.215672,0.324654,0.474436,0.187495,0.305234,0.525894
3.190000,0.164849,0.296380,0.482416,0.212899,0.326554,0.472625,0.184832,0.307420,0.524271
3.200000,0.162461,0.297848,0.480939,0.210093,0.328479,0.470858,0.182174,0.309423,0.522618
3.210000,0.160008,0.299116,0.479408,0.207295,0.330248,0.469150,0.179508,0.311370,0.521034
3.220000,0.157708,0.300264,0.477946,0.204479,0.332013,0.467484,0.176858,0.313224,0.519485
3.230000,0.155213,0.301599,0.476544,0.201682,0.333683,0.465817,0.174199,0.314976,0.517960
3.240000,0.152818,0.302511,0.475127,0.198910,0.335189,0.464229,0.171522,0.316604,0.516470
3.250000,0.150419,0.303611,0.473743,0.196156,0.336703,0.462662,0.168877,0.318134,0.514993
3.260000,0.148059,0.304571,0.472483,0.193383,0.338089,0.461168,0.166270,0.319547,0.513617
3.270000,0.145563,0.305380,0.471182,0.190606,0.339333,0.459785,0.163629,0.320865,0.512326
3.280000,0.143235,0.306272,0.469987,0.187863,0.340559,0.458386,0.160981,0.322120,0.510990
3.290000,0.140816,0.307093,0.468796,0.185111,0.341787,0.457020,0.158349,0.323349,0.509707
3.300000,0.138479,0.307752,0.467602,0.182359,0.342888,0.455732,0.155673,0.324580,0.508435
3.310000,0.136093,0.308564,0.466428,0.179644,0.344067,0.454399,0.152998,0.325819,0.507171
3.320000,0.133797,0.309372,0.465210,0.177019,0.345132,0.453044,0.150316,0.327034,0.505856
3.330000,0.131438,0.309941,0.463969,0.174270,0.346342,0.451755,0.147609,0.328141,0.504556
3.340000,0.129049,0.310689,0.462807,0.171614,0.347378,0.450524,0.144906,0.329276,0.503335
3.350000,0.126685,0.311288,0.461728,0.168963,0.348478,0.449260,0.142253,0.330294,0.502185
3.360000,0.124391,0.311784,0.460702,0.166317,0.349391,0.448140,0.139614,0.331123,0.501130
3.370000,0.122089,0.312245,0.459758,0.163626,0.350397,0.447092,0.136990,0.331935,0.500126
3.380000,0.119803,0.312535,0.458851,0.160970,0.351298,0.446125,0.134340,0.332648,0.499126
3.390000,0.117505,0.312990,0.457967,0.158557,0.351724,0.445185,0.131683,0.333370,0.498201
3.400000,0.115166,0.313408,0.457078,0.155994,0.352411,0.444277,0.128986,0.334060,0.497190
3.410000,0.112851,0.313725,0.456140,0.153428,0.353000,0.443321,0.126458,0.334544,0.496260
3.420000,0.110629,0.314023,0.455212,0.150883,0.353563,0.442418,0.123821,0.335135,0.495325
3.430000,0.108404,0.314196,0.454342,0.148346,0.354264,0.441478,0.121201,0.335741,0.494353
3.440000,0.106613,0.314201,0.453518,0.145779,0.354729,0.440594,0.118633,0.336161,0.493419
3.450000,0.104406,0.314310,0.452652,0.143249,0.355240,0.439756,0.116134,0.336543,0.492577
3.460000,0.102253,0.314320,0.451859,0.140764,0.355661,0.438948,0.113593,0.336922,0.491803
3.470000,0.100027,0.314487,0.451090,0.138273,0.355988,0.438220,0.111015,0.337224,0.491050
3.480000,0.097931,0.314458,0.450296,0.135844,0.356334,0.437503,0.108436,0.337556,0.490290
3.490000,0.095833,0.314541,0.449422,0.133444,0.356621,0.436773,0.105793,0.337888,0.489521
3.500000,0.093713,0.314549,0.448655,0.131109,0.356878,0.436059,0.103265,0.338103,0.488462
3.510000,0.091650,0.314489,0.447876,0.128794,0.357210,0.435379,0.100755,0.338312,0.487634
3.520000,0.089551,0.314566,0.447149,0.126511,0.357372,0.434771,0.098203,0.338545,0.486997
3.530000,0.088256,0.313868,0.446757,0.124262,0.357534,0.434226,0.095721,0.338658,0.486352
3.540000,0.086227,0.313746,0.446170,0.121980,0.357588,0.433777,0.093299,0.338604,0.485723
3.550000,0.084143,0.313544,0.445515,0.119689,0.357691,0.433307,0.090861,0.338560,0.485044
3.560000,0.082135,0.313587,0.444784,0.117412,0.357767,0.432813,0.088363,0.338564,0.484418
3.570000,0.080063,0.313520,0.444163,0.115130,0.357871,0.432344,0.085828,0.338625,0.483731
3.580000,0.078004,0.313399,0.443456,0.112947,0.357996,0.431808,0.083283,0.338815,0.482993
3.590000,0.075998,0.313321,0.442678,0.110720,0.358162,0.431292,0.080831,0.338806,0.482249
3.600000,0.074005,0.313441,0.441938,0.108597,0.358360,0.430789,0.078409,0.338843,0.481525
3.610000,0.072185,0.313108,0.441381,0.106492,0.358375,0.430349,0.076077,0.338760,0.480814
3.620000,0.070237,0.313053,0.440695,0.104413,0.358401,0.429936,0.073746,0.338638,0.480162
3.630000,0.068354,0.313122,0.439956,0.102418,0.358477,0.429479,0.071444,0.338631,0.479499
3.640000,0.066670,0.312673,0.439425,0.100417,0.358466,0.429087,0.069228,0.338533,0.478852
3.650000,0.064805,0.312726,0.438730,0.098549,0.358519,0.428659,0.067027,0.338469,0.478271
3.660000,0.063117,0.312747,0.438047,0.096771,0.358478,0.428291,0.064883,0.338463,0.477642
3.670000,0.061657,0.312292,0.437584,0.095041,0.358413,0.427911,0.062944,0.338348,0.477063
3.680000,0.059909,0.312494,0.436992,0.093369,0.358396,0.427568,0.061057,0.338187,0.476572
3.690000,0.058553,0.312228,0.436575,0.092120,0.358139,0.426896,0.059308,0.338015,0.476036
3.700000,0.057114,0.312118,0.436051,0.090626,0.358093,0.426636,0.057581,0.337881,0.475601
3.710000,0.055864,0.311908,0.435662,0.089079,0.358127,0.426603,0.055985,0.337718,0.475121
3.720000,0.054629,0.311857,0.435203,0.087795,0.358071,0.426361,0.054459,0.337611,0.474729
3.730000,0.053626,0.311652,0.434864,0.086613,0.358015,0.426201,0.053112,0.337457,0.474325
3.740000,0.052535,0.311593,0.434529,0.085550,0.357975,0.426012,0.051829,0.337356,0.474066
3.750000,0.051725,0.311348,0.434228,0.084557,0.357888,0.425866,0.050686,0.337219,0.473795
3.760000,0.050874,0.311305,0.433973,0.083642,0.357844,0.425737,0.049645,0.337116,0.473515
3.770000,0.050113,0.311177,0.433761,0.082821,0.357797,0.425575,0.048695,0.337007,0.473318
3.780000,0.049409,0.311156,0.433514,0.082073,0.357743,0.425447,0.047871,0.336934,0.473118
3.790000,0.048914,0.310930,0.433354,0.081378,0.357691,0.425317,0.047206,0.336803,0.472931
3.800000,0.048408,0.310870,0.433207,0.080848,0.357663,0.425184,0.046669,0.336727,0.472797
3.810000,0.047987,0.310798,0.433104,0.080414,0.357645,0.425073,0.046243,0.336638,0.472692
3.820000,0.047733,0.310692,0.433043,0.080064,0.357625,0.424942,0.045938,0.336569,0.472617
3.830000,0.047527,0.310714,0.432958,0.079814,0.357592,0.424831,0.045744,0.336518,0.472554
3.840000,0.047371,0.310709,0.432859,0.079658,0.357585,0.424731,0.045663,0.336508,0.472496
3.850000,0.047306,0.310720,0.432814,0.079588,0.357580,0.424635,0.045678,0.336512,0.472459
3.860000,0.047342,0.310667,0.432812,0.079604,0.357586,0.424535,0.045785,0.336521,0.472411
3.870000,0.047427,0.310684,0.432794,0.079711,0.357599,0.424434,0.045957,0.336554,0.472381
3.880000,0.047635,0.310654,0.432845,0.079903,0.357611,0.424357,0.046235,0.336609,0.472367
3.890000,0.047822,0.310689,0.432881,0.080167,0.357600,0.424326,0.046611,0.336613,0.472350
3.900000,0.048115,0.310783,0.432914,0.080536,0.357571,0.424337,0.047055,0.336643,0.472413
3.910000,0.048537,0.310830,0.433003,0.081011,0.357511,0.424376,0.047596,0.336652,0.472504
3.920000,0.049041,0.310804,0.433156,0.081582,0.357476,0.424434,0.048231,0.336690,0.472664
3.930000,0.049579,0.310738,0.433332,0.082240,0.357401,0.424488,0.049032,0.336654,0.472828
3.940000,0.050147,0.310905,0.433540,0.082932,0.357332,0.424599,0.049892,0.336615,0.473025
3.950000,0.050855,0.310847,0.433803,0.083724,0.357232,0.424692,0.050796,0.336612,0.473287
3.960000,0.051666,0.310878,0.434019,0.084738,0.357074,0.424689,0.051812,0.336601,0.473571
3.970000,0.052543,0.310742,0.434353,0.085734,0.357011,0.424834,0.052947,0.336596,0.473860
3.980000,0.053450,0.310848,0.434692,0.086788,0.356943,0.425034,0.054142,0.336656,0.474215
3.990000,0.054507,0.310850,0.435036,0.087917,0.356898,0.425282,0.055482,0.336625,0.474625
4.000000,0.055732,0.310643,0.435558,0.089038,0.356887,0.425769,0.056947,0.336559,0.475082
4.010000,0.056954,0.310683,0.435994,0.090510,0.356708,0.425910,0.058462,0.336547,0.475657
4.020000,0.058241,0.310735,0.436559,0.091996,0.356612,0.426352,0.060071,0.336481,0.476153
4.030000,0.059623,0.310760,0.437020,0.093531,0.356503,0.426762,0.061725,0.336446,0.476742
4.040000,0.061021,0.310805,0.437621,0.094813,0.356713,0.427657,0.063496,0.336323,0.477287
4.050000,0.062499,0.310823,0.438111,0.096512,0.356510,0.428127,0.065347,0.336232,0.477830
4.060000,0.064051,0.310834,0.438733,0.098258,0.356295,0.428667,0.067232,0.336085,0.478463
4.070000,0.065556,0.310815,0.439332,0.100036,0.356043,0.429209,0.069243,0.335876,0.479122
4.080000,0.067260,0.310798,0.440045,0.101902,0.355865,0.429786,0.071256,0.335731,0.479881
4.090000,0.069019,0.310537,0.440801,0.103817,0.355520,0.430431,0.073342,0.335465,0.480663
4.100000,0.070698,0.310709,0.441427,0.105936,0.355284,0.431106,0.075495,0.335289,0.481427
4.110000,0.072639,0.310665,0.442223,0.108136,0.354941,0.431891,0.077681,0.335052,0.482268
4.120000,0.074573,0.310330,0.443063,0.110425,0.354582,0.432740,0.079954,0.334833,0.483148
4.130000,0.076528,0.310351,0.443871,0.112790,0.354218,0.433612,0.082332,0.334454,0.484097
4.140000,0.078603,0.310128,0.444826,0.115196,0.353814,0.434544,0.084859,0.334008,0.485086
4.150000,0.079835,0.310562,0.445456,0.117662,0.353199,0.435611,0.087429,0.333405,0.486217
4.160000,0.082156,0.310186,0.446562,0.120247,0.352567,0.436747,0.090122,0.332636,0.487363
4.170000,0.084487,0.309815,0.447663,0.122958,0.351783,0.437898,0.092902,0.331830,0.488595
4.180000,0.086915,0.309327,0.448801,0.125753,0.350981,0.439171,0.095818,0.330893,0.489891
4.190000,0.089485,0.308695,0.449992,0.128642,0.350102,0.440589,0.098805,0.329836,0.491235
4.200000,0.092016,0.308035,0.451311,0.131614,0.349163,0.442018,0.101774,0.328753,0.492853
4.210000,0.094617,0.307409,0.452669,0.134593,0.348129,0.443536,0.104875,0.327518,0.494186
4.220000,0.097329,0.306757,0.454038,0.137668,0.347105,0.445101,0.108200,0.326153,0.495728
4.230000,0.099691,0.306193,0.455463,0.140797,0.345865,0.446716,0.111548,0.324724,0.497297
4.240000,0.102626,0.305330,0.456896,0.144140,0.344568,0.448432,0.114985,0.323163,0.498949
4.250000,0.105630,0.304309,0.458430,0.147418,0.343315,0.450304,0.118494,0.321486,0.500656
4.260000,0.108852,0.303160,0.460028,0.151127,0.341561,0.452133,0.122115,0.319674,0.502415
4.270000,0.111980,0.301945,0.461691,0.154627,0.339935,0.454095,0.125714,0.317737,0.504279
4.280000,0.115119,0.300533,0.463418,0.158116,0.338200,0.456060,0.129328,0.315606,0.506130
4.290000,0.118171,0.299110,0.465173,0.161512,0.336355,0.458100,0.132948,0.313363,0.508055
4.300000,0.121340,0.297482,0.466998,0.164976,0.334302,0.460168,0.136598,0.310876,0.509951
4.310000,0.124422,0.295781,0.468783,0.168554,0.332146,0.462341,0.140276,0.308229,0.511888
4.320000,0.127553,0.293925,0.470659,0.172145,0.329762,0.464452,0.144001,0.305414,0.513873
4.330000,0.130759,0.291871,0.472581,0.175754,0.327348,0.466647,0.147658,0.302472,0.515914
4.340000,0.133962,0.289811,0.474412,0.179414,0.324772,0.468884,0.151282,0.299319,0.517843
4.350000,0.137084,0.287701,0.476363,0.183030,0.322230,0.471199,0.154848,0.296122,0.519810
4.360000,0.140195,0.285372,0.478277,0.186571,0.319571,0.473561,0.158328,0.292814,0.521795
4.370000,0.143304,0.283106,0.480235,0.190191,0.316604,0.475893,0.161779,0.289447,0.523810
4.380000,0.146405,0.280880,0.482231,0.193861,0.313610,0.478215,0.165325,0.285960,0.525752
4.390000,0.149483,0.278401,0.484151,0.197724,0.310376,0.480353,0.168839,0.282345,0.527615
4.400000,0.152553,0.275884,0.486094,0.201406,0.306911,0.482644,0.172232,0.278489,0.529497
4.410000,0.155456,0.273178,0.487924,0.204970,0.303308,0.484852,0.175475,0.274536,0.531320
4.420000,0.157863,0.270872,0.489745,0.208294,0.299745,0.487078,0.178588,0.270431,0.533042
4.430000,0.160640,0.267887,0.491586,0.211561,0.296099,0.489257,0.181455,0.266319,0.534780
4.440000,0.162137,0.266734,0.493958,0.214726,0.292323,0.491390,0.184298,0.262118,0.536432
4.450000,0.165977,0.261741,0.495153,0.217962,0.288446,0.493407,0.187141,0.257892,0.537962
4.460000,0.168892,0.258585,0.496899,0.221265,0.284327,0.495419,0.189951,0.253525,0.539506
4.470000,0.171167,0.256079,0.498546,0.224512,0.280035,0.497326,0.192646,0.249111,0.540915
4.480000,0.173727,0.252762,0.500274,0.227580,0.275731,0.499270,0.195144,0.244626,0.542332
4.490000,0.176276,0.249240,0.501852,0.230429,0.271311,0.501115,0.197428,0.239988,0.543713
4.500000,0.178596,0.245641,0.503363,0.233173,0.266796,0.503027,0.199520,0.235432,0.545060
4.510000,0.180936,0.242098,0.504876,0.235825,0.262236,0.504888,0.201529,0.230884,0.546420
4.520000,0.183310,0.238430,0.506344,0.238519,0.257509,0.506654,0.203517,0.226178,0.547690
4.530000,0.185618,0.234876,0.507745,0.241192,0.252747,0.508343,0.205513,0.221606,0.548881
4.540000,0.187921,0.231217,0.509107,0.243816,0.247899,0.509952,0.207347,0.217033,0.550003
4.550000,0.190037,0.227673,0.510403,0.246285,0.242957,0.511431,0.209149,0.212385,0.551054
4.560000,0.191978,0.224044,0.511594,0.248553,0.237964,0.512865,0.210722,0.207649,0.552020
4.570000,0.193751,0.220366,0.512798,0.250585,0.233010,0.514259,0.212020,0.203008,0.552980
4.580000,0.195344,0.216720,0.513881,0.252421,0.228064,0.515576,0.213200,0.198313,0.553762
4.590000,0.196868,0.212979,0.514909,0.254179,0.223170,0.516794,0.214232,0.193643,0.554570
4.600000,0.198359,0.209389,0.515946,0.255888,0.217993,0.517916,0.215249,0.188973,0.555241
4.610000,0.199873,0.205671,0.516762,0.257590,0.212755,0.519000,0.216115,0.184354,0.555894
4.620000,0.201229,0.201996,0.517676,0.259155,0.207535,0.519966,0.216888,0.179687,0.556576
4.630000,0.202509,0.198400,0.518560,0.260522,0.202225,0.520968,0.217592,0.175009,0.557083
4.640000,0.203606,0.194650,0.519480,0.261804,0.196941,0.521924,0.218048,0.170396,0.557715
4.650000,0.204487,0.191123,0.520220,0.262823,0.191746,0.522879,0.218458,0.165721,0.558230
4.660000,0.205626,0.187190,0.521096,0.263820,0.186430,0.523802,0.218720,0.161198,0.558746
4.670000,0.206365,0.183906,0.521834,0.264689,0.181225,0.524592,0.218902,0.156674,0.559245
4.680000,0.207328,0.179944,0.522598,0.265555,0.175914,0.525347,0.219120,0.152031,0.559522
4.690000,0.208075,0.176427,0.523089,0.266303,0.170631,0.525890,0.219219,0.147533,0.559830
4.700000,0.208963,0.172465,0.523721,0.266944,0.165246,0.526448,0.219258,0.142948,0.559950
4.710000,0.209611,0.168911,0.524294,0.267447,0.160012,0.526897,0.219187,0.138544,0.560150
4.720000,0.210173,0.165147,0.524690,0.267768,0.154975,0.527332,0.218868,0.134328,0.560389
4.730000,0.210580,0.161658,0.525190,0.267962,0.149952,0.527798,0.218523,0.130007,0.560452
4.740000,0.210976,0.158087,0.525520,0.268054,0.145089,0.528188,0.218055,0.125895,0.560538
4.750000,0.211259,0.154697,0.525890,0.268040,0.140304,0.528521,0.217571,0.121775,0.560533
4.760000,0.211510,0.151255,0.526214,0.267926,0.135472,0.528813,0.217001,0.117795,0.560496
4.770000,0.211715,0.147830,0.526508,0.267799,0.130682,0.529018,0.216382,0.113758,0.560418
4.780000,0.211914,0.144497,0.526757,0.267561,0.125784,0.529161,0.215729,0.109871,0.560265
4.790000,0.212070,0.141286,0.527022,0.267161,0.121055,0.529262,0.214988,0.106139,0.560149
4.800000,0.212108,0.138086,0.527272,0.266715,0.116404,0.529335,0.214168,0.102473,0.560091
4.810000,0.212000,0.135051,0.527484,0.266104,0.112115,0.529386,0.213261,0.099035,0.559988
4.820000,0.211772,0.132043,0.527646,0.265484,0.107972,0.529378,0.212326,0.095691,0.559809
4.830000,0.211505,0.129088,0.527807,0.264837,0.103880,0.529247,0.211535,0.092556,0.559587
4.840000,0.211481,0.126439,0.527828,0.264067,0.099803,0.529081,0.210423,0.089501,0.559386
4.850000,0.211313,0.123771,0.527812,0.263354,0.095709,0.528750,0.209415,0.086519,0.559106
4.860000,0.210964,0.120860,0.527818,0.262307,0.091595,0.528491,0.208509,0.083504,0.558608
4.870000,0.210693,0.118326,0.527659,0.261301,0.087725,0.528193,0.207318,0.080579,0.558221
4.880000,0.210223,0.115662,0.527584,0.260128,0.084116,0.527848,0.205984,0.077798,0.557834
4.890000,0.209493,0.113055,0.527440,0.258819,0.080616,0.527555,0.204548,0.075030,0.557412
4.900000,0.208700,0.110780,0.527453,0.257426,0.077397,0.527291,0.202990,0.072420,0.556963
4.910000,0.207793,0.108747,0.527392,0.255969,0.074306,0.527000,0.201321,0.069966,0.556508
4.920000,0.206839,0.106665,0.527283,0.254428,0.071254,0.526662,0.199615,0.067530,0.555886
4.930000,0.205740,0.104221,0.526932,0.252865,0.068402,0.526350,0.197801,0.065288,0.555229
4.940000,0.204748,0.102279,0.526641,0.251292,0.065503,0.525946,0.196015,0.063115,0.554570
4.950000,0.203688,0.100222,0.526341,0.249632,0.062799,0.525543,0.194190,0.061095,0.553888
4.960000,0.202640,0.098287,0.526006,0.248021,0.060246,0.525128,0.192461,0.059085,0.553181
4.970000,0.201534,0.096466,0.525643,0.246405,0.057707,0.524616,0.190680,0.057095,0.552393
4.980000,0.200503,0.094882,0.525306,0.244783,0.055341,0.524100,0.188946,0.055275,0.551636
4.990000,0.199397,0.093217,0.524915,0.243194,0.053188,0.523606,0.187267,0.053596,0.550909
5.000000,0.198410,0.091760,0.524486,0.241875,0.051456,0.523093,0.185623,0.052052,0.550135
5.010000,0.197386,0.090296,0.524069,0.240268,0.049170,0.522553,0.184001,0.050634,0.549421
5.020000,0.196513,0.089117,0.523713,0.238958,0.047610,0.522078,0.182355,0.049248,0.548666
5.030000,0.195433,0.087624,0.523197,0.237576,0.045927,0.521642,0.180766,0.047983,0.547978
5.040000,0.194490,0.086524,0.522887,0.236200,0.044224,0.521196,0.179227,0.046862,0.547277
5.050000,0.193466,0.085237,0.522454,0.234813,0.042715,0.520749,0.177685,0.045886,0.546718
5.060000,0.192594,0.084134,0.522009,0.233815,0.041759,0.520454,0.176265,0.044798,0.546062
5.070000,0.191666,0.083080,0.521613,0.232540,0.040364,0.519983,0.174934,0.043517,0.545130
5.080000,0.190848,0.082226,0.521216,0.231348,0.039044,0.519489,0.173692,0.042476,0.544334
5.090000,0.189970,0.081228,0.520865,0.229977,0.037396,0.518853,0.172512,0.041578,0.543653
5.100000,0.189403,0.080596,0.520356,0.229168,0.036662,0.518473,0.171370,0.040932,0.543043
5.110000,0.188798,0.079884,0.519885,0.228098,0.035565,0.517931,0.170280,0.040271,0.542409
5.120000,0.188052,0.079057,0.519581,0.227081,0.034644,0.517370,0.169254,0.039720,0.541795
5.130000,0.187479,0.078581,0.519175,0.226090,0.033667,0.516794,0.168278,0.039109,0.541134
5.140000,0.187080,0.077633,0.518408,0.225137,0.032837,0.516236,0.167333,0.038544,0.540601
5.150000,0.186273,0.077254,0.518346,0.224167,0.031923,0.515722,0.166427,0.038025,0.540139
5.160000,0.185684,0.076722,0.518063,0.223194,0.031006,0.515199,0.165494,0.037489,0.539679
5.170000,0.185155,0.075642,0.517488,0.222283,0.030191,0.514722,0.164603,0.036930,0.539224
5.180000,0.184765,0.075044,0.517052,0.221037,0.028731,0.514119,0.163725,0.036432,0.538775
5.190000,0.184044,0.074187,0.516757,0.220364,0.028328,0.513714,0.162789,0.035640,0.538081
5.200000,0.183458,0.073498,0.516424,0.219399,0.027484,0.513233,0.161825,0.035155,0.537591
5.210000,0.182996,0.072904,0.515859,0.217803,0.025383,0.512425,0.160899,0.034636,0.537050
5.220000,0.182210,0.072191,0.515576,0.216745,0.024440,0.511942,0.159933,0.034114,0.536492
5.230000,0.181554,0.071745,0.515311,0.215818,0.023761,0.511541,0.158957,0.033743,0.535974
5.240000,0.180870,0.071225,0.514966,0.214798,0.022990,0.511128,0.157964,0.033365,0.535423
5.250000,0.180405,0.070923,0.514571,0.213902,0.022351,0.510844,0.157077,0.032824,0.534715
5.260000,0.179626,0.070360,0.514410,0.212953,0.021794,0.510623,0.156153,0.032589,0.534246
5.270000,0.179001,0.069979,0.514244,0.212027,0.021197,0.510383,0.155089,0.032052,0.533783
5.280000,0.178462,0.069546,0.514036,0.211169,0.020572,0.510160,0.154233,0.031880,0.533466
5.290000,0.178044,0.069323,0.513791,0.210392,0.020020,0.509958,0.153410,0.031587,0.533100
5.300000,0.177404,0.069011,0.513757,0.209600,0.019463,0.509691,0.152653,0.031284,0.532750
5.310000,0.177011,0.068687,0.513575,0.208876,0.018956,0.509391,0.152052,0.031060,0.532470
5.320000,0.176656,0.068381,0.513365,0.208252,0.018560,0.509062,0.151372,0.030955,0.532345
5.330000,0.176372,0.068091,0.513115,0.207679,0.018072,0.508656,0.150904,0.030804,0.532064
5.340000,0.176179,0.067931,0.512924,0.207189,0.017688,0.508207,0.150696,0.030073,0.531263
5.350000,0.176038,0.067523,0.512514,0.206733,0.017394,0.507788,0.150311,0.030033,0.531012
5.360000,0.175881,0.067383,0.512288,0.206244,0.017092,0.507404,0.149931,0.030089,0.530738
5.370000,0.175814,0.067287,0.511977,0.205714,0.016762,0.507019,0.149461,0.030406,0.530764
5.380000,0.175578,0.067147,0.511831,0.205181,0.016538,0.506730,0.149082,0.030441,0.530556
5.390000,0.175325,0.067062,0.511672,0.204656,0.016358,0.506467,0.148695,0.030497,0.530375
5.400000,0.175107,0.067007,0.511565,0.204205,0.016226,0.506238,0.148324,0.030517,0.530203
5.410000,0.174882,0.066967,0.511425,0.203768,0.016048,0.506005,0.147971,0.030522,0.530017
5.420000,0.174686,0.066891,0.511320,0.203363,0.015867,0.505778,0.147615,0.030522,0.529834
5.430000,0.174532,0.066733,0.511227,0.202968,0.015625,0.505520,0.147309,0.030468,0.529660
5.440000,0.174386,0.066611,0.511111,0.202603,0.015419,0.505293,0.147017,0.030447,0.529513
5.450000,0.174246,0.066437,0.511005,0.202273,0.015191,0.505084,0.146590,0.030662,0.529470
5.460000,0.174051,0.066268,0.510919,0.201935,0.014954,0.504901,0.146314,0.030573,0.529269
5.470000,0.173838,0.066176,0.510832,0.201583,0.014722,0.504732,0.146008,0.030450,0.529099
5.480000,0.173624,0.066031,0.510790,0.201230,0.014461,0.504569,0.145654,0.030404,0.528853
5.490000,0.173389,0.065869,0.510721,0.200895,0.014258,0.504490,0.145298,0.030279,0.528625
5.500000,0.173116,0.065780,0.510667,0.200561,0.014017,0.504413,0.144927,0.030133,0.528403
5.510000,0.172871,0.065691,0.510616,0.200232,0.013875,0.504356,0.144581,0.030026,0.528191
5.520000,0.172631,0.065593,0.510517,0.199917,0.013716,0.504291,0.144261,0.029929,0.527975
5.530000,0.172423,0.065491,0.510435,0.199662,0.013626,0.504204,0.143954,0.029871,0.527762
5.540000,0.172236,0.065407,0.510344,0.199370,0.013557,0.504084,0.143670,0.029827,0.527551
5.550000,0.172052,0.065372,0.510253,0.199107,0.013470,0.503981,0.143392,0.029819,0.527361
5.560000,0.171855,0.065324,0.510142,0.198829,0.013374,0.503889,0.143094,0.029838,0.527158
5.570000,0.171642,0.065349,0.510051,0.198541,0.013331,0.503810,0.142809,0.029879,0.526983
5.580000,0.171457,0.065399,0.509976,0.198275,0.013310,0.503734,0.142532,0.029919,0.526815
5.590000,0.171271,0.065416,0.509906,0.197978,0.013277,0.503673,0.142254,0.029948,0.526679
5.600000,0.171087,0.065457,0.509854,0.197701,0.013309,0.503614,0.141981,0.030052,0.526558
5.610000,0.171092,0.064952,0.509475,0.197434,0.013327,0.503558,0.141705,0.030197,0.526410
5.620000,0.170950,0.064992,0.509416,0.197202,0.013345,0.503495,0.141471,0.030290,0.526307
5.630000,0.170824,0.065034,0.509363,0.196961,0.013320,0.503414,0.141262,0.030385,0.526200
5.640000,0.170678,0.065123,0.509328,0.196777,0.013411,0.503346,0.141069,0.030457,0.526116
5.650000,0.170576,0.065092,0.509272,0.196544,0.013417,0.503248,0.140878,0.030499,0.526025
5.660000,0.170423,0.065153,0.509230,0.196344,0.013375,0.503170,0.140713,0.030504,0.525924
5.670000,0.170310,0.065115,0.509152,0.196163,0.013316,0.503092,0.140549,0.030538,0.525835
5.680000,0.170176,0.065075,0.509086,0.195983,0.013271,0.503016,0.140377,0.030542,0.525728
5.690000,0.170005,0.065056,0.508986,0.195801,0.013170,0.502922,0.140208,0.030531,0.525609
5.700000,0.169915,0.065016,0.508921,0.195664,0.013121,0.502867,0.140064,0.030493,0.525492
5.710000,0.169834,0.065001,0.508876,0.195554,0.013074,0.502816,0.139917,0.030499,0.525364
5.720000,0.169778,0.064967,0.508820,0.195467,0.013014,0.502776,0.139819,0.030473,0.525248
5.730000,0.169735,0.064909,0.508765,0.195401,0.012963,0.502744,0.139734,0.030448,0.525137
5.740000,0.169591,0.065225,0.508886,0.195360,0.012939,0.502694,0.139683,0.030426,0.525035
5.750000,0.169609,0.065217,0.508839,0.195397,0.012896,0.502629,0.139685,0.030379,0.524913
5.760000,0.169688,0.065205,0.508789,0.195438,0.012834,0.502541,0.139735,0.030370,0.524834
5.770000,0.169755,0.065251,0.508701,0.195509,0.012822,0.502457,0.139815,0.030349,0.524746
5.780000,0.169869,0.065231,0.508651,0.195603,0.012790,0.502385,0.139923,0.030320,0.524672
5.790000,0.169982,0.065232,0.508618,0.195689,0.012737,0.502301,0.140022,0.030286,0.524617
5.800000,0.170144,0.065174,0.508526,0.195794,0.012686,0.502227,0.140146,0.030270,0.524565
5.810000,0.170274,0.065195,0.508504,0.195903,0.012664,0.502160,0.140255,0.030256,0.524511
5.820000,0.170417,0.065180,0.508458,0.196022,0.012660,0.502107,0.140377,0.030266,0.524467
5.830000,0.170523,0.065179,0.508449,0.196128,0.012665,0.502055,0.140473,0.030229,0.524421
5.840000,0.170623,0.065159,0.508442,0.196209,0.012635,0.502013,0.140576,0.030214,0.524406
5.850000,0.170729,0.065124,0.508431,0.196292,0.012596,0.501983,0.140655,0.030190,0.524390
5.860000,0.170820,0.065073,0.508427,0.196374,0.012575,0.501979,0.140730,0.030161,0.524377
5.870000,0.170915,0.065024,0.508456,0.196441,0.012538,0.501984,0.140790,0.030094,0.524366
5.880000,0.170963,0.064998,0.508467,0.196485,0.012474,0.501993,0.140844,0.030073,0.524367
5.890000,0.171034,0.064944,0.508510,0.196535,0.012418,0.501999,0.140891,0.030032,0.524376
5.900000,0.171120,0.064840,0.508529,0.196578,0.012331,0.502008,0.140953,0.029982,0.524410
5.910000,0.171187,0.064760,0.508561,0.196648,0.012261,0.502045,0.141007,0.029919,0.524442
5.920000,0.171262,0.064693,0.508612,0.196715,0.012197,0.502087,0.141067,0.029861,0.524496
5.930000,0.171350,0.064597,0.508715,0.196764,0.012115,0.502115,0.141123,0.029806,0.524545
5.940000,0.171396,0.064516,0.508755,0.196815,0.012043,0.502161,0.141186,0.029739,0.524606
5.950000,0.171487,0.064412,0.508824,0.196875,0.011947,0.502247,0.141259,0.029652,0.524699
5.960000,0.171552,0.064355,0.508905,0.196945,0.011873,0.502301,0.141328,0.029565,0.524770
5.970000,0.171617,0.064301,0.508998,0.197030,0.011874,0.502382,0.141388,0.029501,0.524880
5.980000,0.171690,0.064221,0.509091,0.197100,0.011816,0.502469,0.141490,0.029441,0.524987
5.990000,0.171757,0.064159,0.509178,0.197162,0.011742,0.502560,0.141568,0.029349,0.525099
6.000000,0.171836,0.064102,0.509286,0.197229,0.011666,0.502656,0.141646,0.029311,0.525231
6.010000,0.171929,0.064025,0.509390,0.197267,0.011504,0.502766,0.141735,0.029232,0.525366
6.020000,0.172171,0.063564,0.509420,0.197344,0.011449,0.502901,0.141811,0.029186,0.525502
6.030000,0.172262,0.063488,0.509557,0.197407,0.011341,0.503054,0.141915,0.029040,0.525664
6.040000,0.172356,0.063387,0.509696,0.197478,0.011280,0.503205,0.141983,0.028972,0.525835
6.050000,0.172479,0.063317,0.509859,0.197556,0.011151,0.503359,0.142076,0.028884,0.525973
6.060000,0.172620,0.063196,0.510018,0.197643,0.011068,0.503525,0.142154,0.028863,0.526173
6.070000,0.172758,0.063087,0.510157,0.197762,0.010940,0.503698,0.142249,0.028810,0.526315
6.080000,0.172738,0.063551,0.510654,0.197884,0.010830,0.503873,0.142381,0.028751,0.526462
6.090000,0.172904,0.063489,0.510806,0.198024,0.010748,0.504007,0.142555,0.028673,0.526621
6.100000,0.173076,0.063429,0.510959,0.198169,0.010652,0.504150,0.142732,0.028589,0.526772
6.110000,0.173287,0.063349,0.511118,0.198366,0.010528,0.504318,0.142920,0.028554,0.526944
6.120000,0.173475,0.063306,0.511286,0.198532,0.010432,0.504462,0.143118,0.028441,0.527102
6.130000,0.173701,0.063195,0.511534,0.198717,0.010351,0.504636,0.143300,0.028404,0.527301
6.140000,0.173867,0.063003,0.511684,0.198854,0.010208,0.504807,0.143449,0.028322,0.527473
6.150000,0.173999,0.062928,0.511868,0.198966,0.010079,0.505006,0.143568,0.028243,0.527638
6.160000,0.174119,0.062791,0.512034,0.199055,0.010009,0.505201,0.143671,0.028124,0.527829
6.170000,0.174266,0.062599,0.512200,0.199144,0.009904,0.505406,0.143757,0.028046,0.527988
6.180000,0.174372,0.062458,0.512380,0.199230,0.009807,0.505619,0.143829,0.027959,0.528146
6.190000,0.174517,0.062318,0.512572,0.199360,0.009749,0.505873,0.143899,0.027884,0.528296
6.200000,0.174775,0.061845,0.512539,0.199484,0.009700,0.506092,0.143989,0.027750,0.528462
6.210000,0.174878,0.061761,0.512710,0.199589,0.009606,0.506303,0.144094,0.027649,0.528630
6.220000,0.175000,0.061714,0.512921,0.199697,0.009513,0.506515,0.144194,0.027544,0.528791
6.230000,0.175133,0.061660,0.513143,0.199794,0.009327,0.506754,0.144315,0.027441,0.528963
6.240000,0.175281,0.061567,0.513363,0.199918,0.009200,0.506958,0.144429,0.027332,0.529134
6.250000,0.175454,0.061380,0.513641,0.200068,0.008999,0.507184,0.144551,0.027224,0.529333
6.260000,0.175650,0.061161,0.513902,0.200209,0.008816,0.507396,0.144672,0.027094,0.529518
6.270000,0.175845,0.060972,0.514129,0.200339,0.008599,0.507619,0.144828,0.026950,0.529733
6.280000,0.175843,0.061294,0.514620,0.200460,0.008379,0.507816,0.144961,0.026826,0.529922
6.290000,0.176014,0.061141,0.514809,0.200593,0.008182,0.508025,0.145119,0.026607,0.530141
6.300000,0.176189,0.060913,0.515045,0.200683,0.007910,0.508229,0.145249,0.026417,0.530352
6.310000,0.176398,0.060698,0.515239,0.200814,0.007694,0.508430,0.145394,0.026233,0.530529
6.320000,0.176543,0.060529,0.515442,0.200922,0.007426,0.508643,0.145514,0.026053,0.530694
6.330000,0.176693,0.060352,0.515630,0.201044,0.007198,0.508888,0.145613,0.025888,0.530866
6.340000,0.176873,0.060167,0.515830,0.201211,0.007015,0.509117,0.145749,0.025711,0.531006
6.350000,0.177070,0.059950,0.516037,0.201380,0.006831,0.509313,0.145906,0.025527,0.531159
6.360000,0.177269,0.059789,0.516206,0.201570,0.006680,0.509517,0.146092,0.025379,0.531290
6.370000,0.177722,0.059071,0.516109,0.201769,0.006514,0.509696,0.146308,0.025246,0.531458
6.380000,0.178020,0.058855,0.516298,0.202013,0.006419,0.509867,0.146525,0.025156,0.531590
6.390000,0.178297,0.058804,0.516486,0.202212,0.006268,0.510027,0.146761,0.025071,0.531746
6.400000,0.178569,0.058653,0.516629,0.202464,0.006132,0.510203,0.147033,0.024936,0.531911
6.410000,0.178900,0.058524,0.516796,0.202686,0.005987,0.510360,0.147261,0.024856,0.532040
6.420000,0.179174,0.058451,0.516962,0.202917,0.005867,0.510511,0.147505,0.024816,0.532177
6.430000,0.179476,0.058368,0.517097,0.203159,0.005654,0.510652,0.147793,0.024741,0.532289
6.440000,0.179775,0.058211,0.517236,0.203401,0.005522,0.510779,0.148071,0.024663,0.532403
6.450000,0.180063,0.058099,0.517352,0.203659,0.005371,0.510906,0.148330,0.024592,0.532511
6.460000,0.180363,0.057991,0.517482,0.203911,0.005272,0.511013,0.148614,0.024524,0.532622
6.470000,0.180650,0.057912,0.517604,0.204143,0.005127,0.511131,0.148858,0.024467,0.532715
6.480000,0.180986,0.057808,0.517741,0.204424,0.005086,0.511251,0.149105,0.024358,0.532801
6.490000,0.181254,0.057735,0.517850,0.204608,0.004842,0.511352,0.149347,0.024271,0.532880
6.500000,0.181561,0.057625,0.517942,0.204809,0.004678,0.511410,0.149591,0.024186,0.532947
6.510000,0.181862,0.057495,0.518003,0.205043,0.004542,0.511466,0.149819,0.024118,0.533016
6.520000,0.182167,0.057315,0.518044,0.205291,0.004406,0.511525,0.150041,0.024046,0.533066
6.530000,0.182430,0.057172,0.518079,0.205499,0.004248,0.511565,0.150261,0.023954,0.533114
6.540000,0.182678,0.057075,0.518151,0.205720,0.004114,0.511605,0.150497,0.023876,0.533149
