Time,org_x,org_y,org_z,xvec_x,xvec_y,xvec_z,zvec_x,zvec_y,zvec_z
0.000000,-0.137302,0.456519,0.632673,-0.126634,0.408725,0.602091,-0.134533,0.407925,0.661240
0.010000,-0.137321,0.456522,0.632609,-0.126649,0.408745,0.602032,-0.134536,0.407952,0.661172
0.020000,-0.137326,0.456535,0.632549,-0.126654,0.408751,0.601975,-0.134544,0.407950,0.661105
0.030000,-0.137322,0.456535,0.632474,-0.126660,0.408750,0.601922,-0.134536,0.407954,0.661047
0.040000,-0.137329,0.456531,0.632436,-0.126660,0.408755,0.601874,-0.134544,0.407942,0.660999
0.050000,-0.137320,0.456525,0.632375,-0.126671,0.408728,0.601831,-0.134547,0.407930,0.660953
0.060000,-0.137307,0.456501,0.632326,-0.126671,0.408707,0.601785,-0.134549,0.407923,0.660909
0.070000,-0.137306,0.456479,0.632275,-0.126679,0.408681,0.601735,-0.134553,0.407884,0.660865
0.080000,-0.137301,0.456431,0.632204,-0.126686,0.408648,0.601690,-0.134556,0.407867,0.660831
0.090000,-0.137302,0.456403,0.632163,-0.126698,0.408618,0.601647,-0.134566,0.407842,0.660791
0.100000,-0.137291,0.456364,0.632106,-0.126708,0.408581,0.601616,-0.134583,0.407834,0.660740
0.110000,-0.137303,0.456362,0.632073,-0.126727,0.408570,0.601579,-0.134608,0.407807,0.660713
0.120000,-0.137320,0.456353,0.632044,-0.126749,0.408543,0.601554,-0.134635,0.407797,0.660676
0.130000,-0.137349,0.456351,0.632009,-0.126766,0.408540,0.601530,-0.134655,0.407809,0.660657
0.140000,-0.137378,0.456355,0.631982,-0.126792,0.408539,0.601507,-0.134695,0.407799,0.660635
0.150000,-0.137408,0.456358,0.631951,-0.126820,0.408540,0.601489,-0.134730,0.407780,0.660597
0.160000,-0.137439,0.456365,0.631921,-0.126856,0.408539,0.601469,-0.134773,0.407803,0.660571
0.170000,-0.137493,0.456376,0.631911,-0.126886,0.408545,0.601459,-0.134819,0.407804,0.660564
0.180000,-0.137537,0.456389,0.631899,-0.126918,0.408558,0.601444,-0.134859,0.407806,0.660557
0.190000,-0.137580,0.456407,0.631890,-0.126949,0.408572,0.601443,-0.134900,0.407834,0.660551
0.200000,-0.137634,0.456426,0.631905,-0.126987,0.408586,0.601448,-0.134955,0.407858,0.660541
0.210000,-0.137692,0.456448,0.631879,-0.127023,0.408606,0.601448,-0.135001,0.407899,0.660536
0.220000,-0.137750,0.456476,0.631888,-0.127060,0.408637,0.601450,-0.135052,0.407917,0.660545
0.230000,-0.137808,0.456505,0.631890,-0.127101,0.408665,0.601454,-0.135104,0.407948,0.660539
0.240000,-0.137870,0.456539,0.631902,-0.127135,0.408693,0.601465,-0.135145,0.407965,0.660547
0.250000,-0.137920,0.456561,0.631919,-0.127161,0.408714,0.601474,-0.135188,0.407990,0.660556
0.260000,-0.137979,0.456576,0.631937,-0.127183,0.408743,0.601481,-0.135220,0.408020,0.660565
0.270000,-0.138011,0.456588,0.631938,-0.127212,0.408767,0.601487,-0.135253,0.408034,0.660575
0.280000,-0.138037,0.456596,0.631943,-0.127251,0.408782,0.601496,-0.135271,0.408047,0.660571
0.290000,-0.138055,0.456604,0.631950,-0.127237,0.408790,0.601493,-0.135295,0.408051,0.660571
0.300000,-0.138061,0.456605,0.631946,-0.127273,0.408785,0.601505,-0.135299,0.408054,0.660573
0.310000,-0.138071,0.456605,0.631949,-0.127252,0.408795,0.601491,-0.135307,0.408042,0.660566
0.320000,-0.138062,0.456599,0.631952,-0.127272,0.408783,0.601501,-0.135301,0.408034,0.660568
0.330000,-0.138059,0.456587,0.631957,-0.127269,0.408778,0.601501,-0.135296,0.408027,0.660572
0.340000,-0.138051,0.456584,0.631963,-0.127260,0.408770,0.601510,-0.135293,0.408013,0.660574
0.350000,-0.138040,0.456574,0.631976,-0.127224,0.408767,0.601505,-0.135290,0.407990,0.660585
0.360000,-0.138023,0.456571,0.632003,-0.127210,0.408756,0.601518,-0.135273,0.407987,0.660594
0.370000,-0.138006,0.456560,0.632032,-0.127197,0.408760,0.601538,-0.135262,0.407976,0.660606
0.380000,-0.137991,0.456557,0.632054,-0.127178,0.408757,0.601552,-0.135254,0.407968,0.660632
0.390000,-0.137979,0.456546,0.632077,-0.127161,0.408742,0.601573,-0.135227,0.407974,0.660657
0.400000,-0.137948,0.456531,0.632103,-0.127136,0.408733,0.601580,-0.135226,0.407942,0.660660
0.410000,-0.137934,0.456517,0.632118,-0.127114,0.408719,0.601597,-0.135198,0.407952,0.660694
0.420000,-0.137909,0.456509,0.632124,-0.127097,0.408713,0.601595,-0.135179,0.407922,0.660689
0.430000,-0.137878,0.456479,0.632129,-0.127076,0.408698,0.601594,-0.135165,0.407883,0.660675
0.440000,-0.137860,0.456468,0.632123,-0.127058,0.408679,0.601589,-0.135149,0.407857,0.660660
0.450000,-0.137824,0.456456,0.632111,-0.127027,0.408672,0.601581,-0.135126,0.407855,0.660644
0.460000,-0.137789,0.456463,0.632089,-0.127006,0.408653,0.601564,-0.135106,0.407835,0.660638
0.470000,-0.137760,0.456438,0.632065,-0.126984,0.408649,0.601550,-0.135071,0.407832,0.660627
0.480000,-0.137725,0.456432,0.632044,-0.126965,0.408637,0.601536,-0.135049,0.407834,0.660613
0.490000,-0.137687,0.456418,0.632010,-0.126939,0.408617,0.601517,-0.135017,0.407804,0.660593
0.500000,-0.137657,0.456401,0.631988,-0.126914,0.408607,0.601492,-0.134984,0.407781,0.660577
0.510000,-0.137627,0.456369,0.631961,-0.126885,0.408578,0.601481,-0.134959,0.407773,0.660563
0.520000,-0.137584,0.456350,0.631941,-0.126872,0.408533,0.601458,-0.134920,0.407738,0.660547
0.530000,-0.137554,0.456330,0.631916,-0.126841,0.408520,0.601445,-0.134895,0.407721,0.660527
0.540000,-0.137526,0.456311,0.631909,-0.126827,0.408502,0.601427,-0.134867,0.407712,0.660516
0.550000,-0.137497,0.456300,0.631899,-0.126803,0.408489,0.601422,-0.134830,0.407681,0.660498
0.560000,-0.137472,0.456290,0.631898,-0.126770,0.408484,0.601417,-0.134810,0.407672,0.660497
0.570000,-0.137447,0.456280,0.631899,-0.126752,0.408479,0.601416,-0.134780,0.407683,0.660504
0.580000,-0.137410,0.456265,0.631896,-0.126725,0.408464,0.601422,-0.134760,0.407661,0.660501
0.590000,-0.137378,0.456242,0.631906,-0.126692,0.408455,0.601422,-0.134726,0.407655,0.660514
0.600000,-0.137345,0.456228,0.631914,-0.126652,0.408434,0.601432,-0.134708,0.407635,0.660521
0.610000,-0.137313,0.456202,0.631928,-0.126626,0.408418,0.601446,-0.134683,0.407616,0.660534
0.620000,-0.137273,0.456180,0.631950,-0.126600,0.408397,0.601457,-0.134664,0.407594,0.660547
0.630000,-0.137242,0.456124,0.631961,-0.126575,0.408356,0.601486,-0.134651,0.407554,0.660569
0.640000,-0.137203,0.456098,0.632002,-0.126553,0.408311,0.601508,-0.134641,0.407524,0.660592
0.650000,-0.137181,0.456047,0.632031,-0.126531,0.408272,0.601532,-0.134637,0.407475,0.660619
0.660000,-0.137159,0.456026,0.632055,-0.126514,0.408252,0.601568,-0.134622,0.407460,0.660652
0.670000,-0.137148,0.456009,0.632094,-0.126514,0.408226,0.601603,-0.134624,0.407436,0.660693
0.680000,-0.137143,0.455984,0.632125,-0.126506,0.408208,0.601640,-0.134633,0.407414,0.660716
0.690000,-0.137151,0.455966,0.632160,-0.126504,0.408195,0.601684,-0.134635,0.407415,0.660761
0.700000,-0.137159,0.455951,0.632184,-0.126505,0.408188,0.601707,-0.134642,0.407413,0.660798
0.710000,-0.137156,0.455947,0.632213,-0.126518,0.408169,0.601732,-0.134653,0.407399,0.660819
0.720000,-0.137164,0.455929,0.632235,-0.126528,0.408159,0.601751,-0.134665,0.407386,0.660836
0.730000,-0.137173,0.455915,0.632257,-0.126551,0.408109,0.601771,-0.134682,0.407362,0.660853
0.740000,-0.137182,0.455868,0.632294,-0.126567,0.408114,0.601780,-0.134696,0.407354,0.660871
0.750000,-0.137198,0.455861,0.632314,-0.126596,0.408108,0.601785,-0.134713,0.407344,0.660879
0.760000,-0.137227,0.455904,0.632285,-0.126625,0.408106,0.601797,-0.134733,0.407350,0.660888
0.770000,-0.137253,0.455919,0.632314,-0.126650,0.408128,0.601807,-0.134751,0.407362,0.660897
0.780000,-0.137280,0.455943,0.632322,-0.126678,0.408157,0.601821,-0.134771,0.407385,0.660922
0.790000,-0.137337,0.455970,0.632354,-0.126715,0.408180,0.601832,-0.134794,0.407410,0.660936
0.800000,-0.137367,0.456001,0.632369,-0.126744,0.408218,0.601854,-0.134815,0.407439,0.660957
0.810000,-0.137404,0.456026,0.632408,-0.126769,0.408246,0.601876,-0.134832,0.407463,0.660987
0.820000,-0.137425,0.456071,0.632445,-0.126794,0.408273,0.601900,-0.134846,0.407484,0.661011
0.830000,-0.137452,0.456091,0.632491,-0.126818,0.408303,0.601927,-0.134852,0.407493,0.661036
0.840000,-0.137474,0.456112,0.632538,-0.126835,0.408317,0.601974,-0.134860,0.407525,0.661083
0.850000,-0.137494,0.456096,0.632605,-0.126848,0.408323,0.602035,-0.134873,0.407540,0.661139
0.860000,-0.137506,0.456111,0.632664,-0.126852,0.408356,0.602085,-0.134885,0.407553,0.661199
0.870000,-0.137514,0.456130,0.632733,-0.126844,0.408355,0.602153,-0.134891,0.407571,0.661269
0.880000,-0.137524,0.456141,0.632802,-0.126868,0.408361,0.602241,-0.134891,0.407599,0.661331
0.890000,-0.137528,0.456169,0.632903,-0.126865,0.408375,0.602309,-0.134887,0.407603,0.661413
0.900000,-0.137531,0.456169,0.632979,-0.126861,0.408372,0.602394,-0.134886,0.407627,0.661483
0.910000,-0.137533,0.456158,0.633060,-0.126842,0.408396,0.602470,-0.134872,0.407633,0.661547
0.920000,-0.137521,0.456161,0.633129,-0.126823,0.408416,0.602538,-0.134861,0.407651,0.661636
0.930000,-0.137507,0.456159,0.633229,-0.126802,0.408406,0.602609,-0.134844,0.407664,0.661705
0.940000,-0.137482,0.456129,0.633324,-0.126765,0.408428,0.602691,-0.134825,0.407664,0.661783
0.950000,-0.137469,0.456129,0.633402,-0.126727,0.408444,0.602773,-0.134808,0.407638,0.661876
0.960000,-0.137428,0.456118,0.633488,-0.126690,0.408406,0.602869,-0.134791,0.407634,0.661952
0.970000,-0.137396,0.456109,0.633580,-0.126659,0.408431,0.602952,-0.134768,0.407618,0.662026
0.980000,-0.137360,0.456123,0.633650,-0.126605,0.408378,0.603054,-0.134744,0.407606,0.662097
0.990000,-0.137329,0.456115,0.633723,-0.126548,0.408380,0.603125,-0.134707,0.407612,0.662168
1.000000,-0.137287,0.456124,0.633780,-0.126497,0.408387,0.603197,-0.134666,0.407630,0.662247
1.010000,-0.137238,0.456119,0.633821,-0.126436,0.408390,0.603245,-0.134627,0.407619,0.662284
1.020000,-0.137184,0.456112,0.633855,-0.126389,0.408380,0.603292,-0.134574,0.407613,0.662336
1.030000,-0.137123,0.456079,0.633889,-0.126327,0.408375,0.603316,-0.134529,0.407580,0.662353
1.040000,-0.137036,0.456076,0.633893,-0.126261,0.408349,0.603320,-0.134474,0.407566,0.662364
1.050000,-0.136964,0.456054,0.633885,-0.126175,0.408323,0.603320,-0.134411,0.407550,0.662371
1.060000,-0.136891,0.456030,0.633869,-0.126122,0.408275,0.603319,-0.134356,0.407495,0.662353
1.070000,-0.136817,0.455992,0.633852,-0.126057,0.408234,0.603293,-0.134287,0.407482,0.662340
1.080000,-0.136757,0.455970,0.633833,-0.126004,0.408195,0.603289,-0.134242,0.407446,0.662334
1.090000,-0.136681,0.455940,0.633817,-0.125953,0.408156,0.603281,-0.134177,0.407406,0.662331
1.100000,-0.136608,0.455914,0.633789,-0.125896,0.408124,0.603241,-0.134134,0.407381,0.662309
1.110000,-0.136545,0.455893,0.633757,-0.125853,0.408082,0.603219,-0.134097,0.407336,0.662273
1.120000,-0.136492,0.455853,0.633727,-0.125798,0.408058,0.603188,-0.134059,0.407310,0.662262
1.130000,-0.136441,0.455831,0.633694,-0.125762,0.408012,0.603163,-0.134023,0.407278,0.662230
1.140000,-0.136405,0.455800,0.633653,-0.125721,0.407993,0.603121,-0.134008,0.407258,0.662186
1.150000,-0.136370,0.455787,0.633610,-0.125695,0.407962,0.603075,-0.133977,0.407247,0.662146
1.160000,-0.136346,0.455765,0.633571,-0.125668,0.407944,0.603036,-0.133953,0.407221,0.662101
1.170000,-0.136319,0.455774,0.633527,-0.125654,0.407944,0.602989,-0.133940,0.407241,0.662061
1.180000,-0.136309,0.455775,0.633475,-0.125634,0.407947,0.602938,-0.133920,0.407238,0.662009
1.190000,-0.136300,0.455782,0.633424,-0.125621,0.407967,0.602881,-0.133909,0.407248,0.661962
1.200000,-0.136294,0.455800,0.633371,-0.125607,0.407975,0.602820,-0.133901,0.407258,0.661903
1.210000,-0.136279,0.455817,0.633318,-0.125595,0.407981,0.602761,-0.133891,0.407283,0.661843
1.220000,-0.136259,0.455840,0.633239,-0.125575,0.407994,0.602698,-0.133891,0.407301,0.661768
1.230000,-0.136255,0.455842,0.633154,-0.125568,0.407996,0.602626,-0.133874,0.407319,0.661710
1.240000,-0.136247,0.455845,0.633084,-0.125561,0.407992,0.602558,-0.133866,0.407333,0.661651
1.250000,-0.136236,0.455844,0.633005,-0.125544,0.407979,0.602482,-0.133867,0.407332,0.661577
1.260000,-0.136219,0.455845,0.632900,-0.125543,0.408012,0.602388,-0.133863,0.407353,0.661475
1.270000,-0.136210,0.455847,0.632825,-0.125546,0.407993,0.602318,-0.133853,0.407346,0.661393
1.280000,-0.136214,0.455853,0.632741,-0.125550,0.407984,0.602243,-0.133847,0.407338,0.661325
1.290000,-0.136210,0.455840,0.632665,-0.125551,0.407984,0.602169,-0.133851,0.407325,0.661247
1.300000,-0.136202,0.455846,0.632581,-0.125558,0.407971,0.602101,-0.133839,0.407318,0.661178
1.310000,-0.136210,0.455821,0.632524,-0.125565,0.407962,0.602040,-0.133837,0.407300,0.661115
1.320000,-0.136191,0.455817,0.632459,-0.125563,0.407990,0.601956,-0.133840,0.407293,0.661066
1.330000,-0.136213,0.455808,0.632410,-0.125575,0.407985,0.601919,-0.133860,0.407258,0.661011
1.340000,-0.136212,0.455796,0.632344,-0.125587,0.407974,0.601873,-0.133873,0.407240,0.660967
1.350000,-0.136233,0.455789,0.632294,-0.125599,0.407974,0.601831,-0.133889,0.407244,0.660930
1.360000,-0.136251,0.455792,0.632260,-0.125622,0.407966,0.601804,-0.133924,0.407268,0.660888
1.370000,-0.136274,0.455810,0.632212,-0.125636,0.407979,0.601769,-0.133946,0.407274,0.660858
1.380000,-0.136300,0.455834,0.632182,-0.125660,0.407991,0.601746,-0.133970,0.407292,0.660838
1.390000,-0.136349,0.455862,0.632157,-0.125675,0.408020,0.601719,-0.134008,0.407303,0.660783
1.400000,-0.136400,0.455871,0.632128,-0.125700,0.408059,0.601703,-0.134043,0.407331,0.660755
1.410000,-0.136430,0.455935,0.632086,-0.125723,0.408089,0.601675,-0.134067,0.407367,0.660729
1.420000,-0.136468,0.455962,0.632056,-0.125743,0.408114,0.601645,-0.134093,0.407387,0.660701
1.430000,-0.136494,0.455978,0.632023,-0.125763,0.408152,0.601613,-0.134111,0.407425,0.660648
1.440000,-0.136525,0.456001,0.631987,-0.125789,0.408173,0.601585,-0.134128,0.407464,0.660629
1.450000,-0.136546,0.456009,0.631955,-0.125801,0.408192,0.601551,-0.134160,0.407476,0.660586
1.460000,-0.136562,0.456034,0.631927,-0.125812,0.408197,0.601527,-0.134177,0.407493,0.660558
1.470000,-0.136578,0.456033,0.631890,-0.125824,0.408199,0.601499,-0.134183,0.407500,0.660530
1.480000,-0.136589,0.456032,0.631861,-0.125835,0.408211,0.601476,-0.134194,0.407520,0.660509
1.490000,-0.136591,0.456039,0.631838,-0.125832,0.408199,0.601458,-0.134205,0.407526,0.660483
1.500000,-0.136605,0.456039,0.631801,-0.125836,0.408210,0.601421,-0.134212,0.407542,0.660456
1.510000,-0.136608,0.456058,0.631763,-0.125837,0.408211,0.601401,-0.134215,0.407551,0.660434
1.520000,-0.136611,0.456039,0.631720,-0.125841,0.408202,0.601375,-0.134210,0.407552,0.660406
1.530000,-0.136611,0.456045,0.631695,-0.125833,0.408203,0.601348,-0.134209,0.407559,0.660380
1.540000,-0.136604,0.456052,0.631671,-0.125827,0.408214,0.601330,-0.134206,0.407563,0.660351
1.550000,-0.136593,0.456042,0.631645,-0.125814,0.408211,0.601301,-0.134193,0.407561,0.660333
1.560000,-0.136574,0.456041,0.631627,-0.125802,0.408206,0.601283,-0.134176,0.407561,0.660308
1.570000,-0.136555,0.456046,0.631603,-0.125792,0.408180,0.601236,-0.134160,0.407570,0.660292
1.580000,-0.136535,0.456041,0.631568,-0.125765,0.408193,0.601219,-0.134142,0.407567,0.660262
1.590000,-0.136502,0.456023,0.631532,-0.125750,0.408172,0.601172,-0.134131,0.407565,0.660231
1.600000,-0.136487,0.456023,0.631500,-0.125731,0.408162,0.601144,-0.134112,0.407563,0.660203
1.610000,-0.136459,0.456032,0.631466,-0.125714,0.408168,0.601108,-0.134081,0.407582,0.660178
1.620000,-0.136432,0.456026,0.631418,-0.125697,0.408168,0.601052,-0.134063,0.407583,0.660137
1.630000,-0.136417,0.456036,0.631376,-0.125679,0.408161,0.601016,-0.134033,0.407591,0.660086
1.640000,-0.136399,0.456029,0.631336,-0.125667,0.408153,0.600976,-0.134014,0.407588,0.660051
1.650000,-0.136378,0.456045,0.631286,-0.125665,0.408142,0.600932,-0.133998,0.407585,0.659988
1.660000,-0.136370,0.456035,0.631248,-0.125657,0.408140,0.600870,-0.133975,0.407578,0.659930
1.670000,-0.136361,0.456045,0.631187,-0.125649,0.408142,0.600805,-0.133957,0.407576,0.659874
1.680000,-0.136343,0.456059,0.631137,-0.125640,0.408149,0.600749,-0.133949,0.407577,0.659835
1.690000,-0.136342,0.456061,0.631083,-0.125643,0.408156,0.600694,-0.133930,0.407593,0.659782
1.700000,-0.136345,0.456062,0.631019,-0.125642,0.408141,0.600650,-0.133922,0.407614,0.659716
1.710000,-0.136338,0.456069,0.630968,-0.125638,0.408159,0.600588,-0.133911,0.407625,0.659664
1.720000,-0.136337,0.456089,0.630896,-0.125638,0.408166,0.600527,-0.133900,0.407648,0.659603
1.730000,-0.136337,0.456104,0.630839,-0.125634,0.408172,0.600485,-0.133889,0.407661,0.659559
1.740000,-0.136342,0.456108,0.630776,-0.125635,0.408201,0.600427,-0.133877,0.407695,0.659507
1.750000,-0.136340,0.456128,0.630729,-0.125632,0.408213,0.600384,-0.133855,0.407716,0.659455
1.760000,-0.136329,0.456146,0.630688,-0.125618,0.408232,0.600326,-0.133847,0.407735,0.659418
1.770000,-0.136320,0.456157,0.630638,-0.125612,0.408244,0.600295,-0.133819,0.407769,0.659360
1.780000,-0.136306,0.456178,0.630580,-0.125598,0.408247,0.600251,-0.133796,0.407794,0.659324
1.790000,-0.136301,0.456179,0.630546,-0.125588,0.408249,0.600218,-0.133791,0.407793,0.659286
1.800000,-0.136283,0.456194,0.630496,-0.125584,0.408254,0.600174,-0.133783,0.407804,0.659248
1.810000,-0.136276,0.456204,0.630455,-0.125575,0.408255,0.600142,-0.133774,0.407815,0.659213
1.820000,-0.136271,0.456198,0.630421,-0.125575,0.408280,0.600095,-0.133768,0.407820,0.659180
1.830000,-0.136259,0.456211,0.630364,-0.125571,0.408257,0.600066,-0.133748,0.407841,0.659136
1.840000,-0.136253,0.456186,0.630325,-0.125569,0.408259,0.600037,-0.133755,0.407832,0.659102
1.850000,-0.136260,0.456166,0.630288,-0.125559,0.408238,0.600017,-0.133752,0.407837,0.659082
1.860000,-0.136266,0.456163,0.630250,-0.125578,0.408209,0.599996,-0.133755,0.407810,0.659049
1.870000,-0.136264,0.456139,0.630225,-0.125579,0.408203,0.599964,-0.133753,0.407814,0.659021
1.880000,-0.136276,0.456130,0.630206,-0.125587,0.408183,0.599946,-0.133787,0.407800,0.659001
1.890000,-0.136289,0.456112,0.630171,-0.125608,0.408187,0.599924,-0.133805,0.407783,0.658992
1.900000,-0.136297,0.456110,0.630149,-0.125614,0.408168,0.599909,-0.133815,0.407780,0.658982
1.910000,-0.136309,0.456096,0.630132,-0.125641,0.408175,0.599884,-0.133833,0.407774,0.658963
1.920000,-0.136328,0.456085,0.630133,-0.125663,0.408170,0.599880,-0.133852,0.407766,0.658944
1.930000,-0.136344,0.456100,0.630123,-0.125682,0.408178,0.599863,-0.133877,0.407768,0.658944
1.940000,-0.136368,0.456113,0.630121,-0.125705,0.408174,0.599869,-0.133899,0.407768,0.658937
1.950000,-0.136398,0.456131,0.630118,-0.125722,0.408195,0.599863,-0.133919,0.407776,0.658938
1.960000,-0.136425,0.456128,0.630136,-0.125741,0.408212,0.599870,-0.133945,0.407791,0.658947
1.970000,-0.136450,0.456149,0.630143,-0.125765,0.408231,0.599878,-0.133962,0.407800,0.658951
1.980000,-0.136475,0.456170,0.630157,-0.125784,0.408247,0.599901,-0.133990,0.407802,0.658975
1.990000,-0.136492,0.456172,0.630182,-0.125807,0.408257,0.599917,-0.134022,0.407809,0.658989
2.000000,-0.136511,0.456191,0.630204,-0.125813,0.408268,0.599936,-0.134056,0.407795,0.659024
2.010000,-0.136528,0.456204,0.630237,-0.125827,0.408270,0.599954,-0.134054,0.407821,0.659032
2.020000,-0.136545,0.456207,0.630254,-0.125841,0.408271,0.599966,-0.134085,0.407800,0.659053
2.030000,-0.136555,0.456222,0.630283,-0.125854,0.408271,0.599997,-0.134094,0.407828,0.659076
2.040000,-0.136564,0.456223,0.630302,-0.125861,0.408280,0.600020,-0.134105,0.407816,0.659099
2.050000,-0.136572,0.456231,0.630321,-0.125872,0.408294,0.600032,-0.134121,0.407805,0.659122
2.060000,-0.136581,0.456217,0.630366,-0.125871,0.408309,0.600064,-0.134121,0.407820,0.659145
2.070000,-0.136583,0.456238,0.630421,-0.125878,0.408317,0.600089,-0.134126,0.407810,0.659179
2.080000,-0.136585,0.456226,0.630479,-0.125878,0.408317,0.600125,-0.134136,0.407808,0.659216
2.090000,-0.136593,0.456232,0.630524,-0.125872,0.408324,0.600171,-0.134141,0.407807,0.659264
2.100000,-0.136588,0.456246,0.630592,-0.125873,0.408333,0.600224,-0.134157,0.407791,0.659306
2.110000,-0.136581,0.456233,0.630660,-0.125856,0.408338,0.600276,-0.134164,0.407776,0.659354
2.120000,-0.136585,0.456220,0.630720,-0.125845,0.408335,0.600328,-0.134176,0.407757,0.659398
2.130000,-0.136579,0.456201,0.630764,-0.125837,0.408338,0.600376,-0.134168,0.407761,0.659451
2.140000,-0.136571,0.456200,0.630806,-0.125823,0.408319,0.600419,-0.134174,0.407742,0.659488
2.150000,-0.136565,0.456201,0.630848,-0.125812,0.408328,0.600460,-0.134178,0.407743,0.659533
2.160000,-0.136547,0.456202,0.630885,-0.125792,0.408326,0.600494,-0.134171,0.407742,0.659562
2.170000,-0.136538,0.456203,0.630924,-0.125777,0.408322,0.600535,-0.134169,0.407735,0.659601
2.180000,-0.136532,0.456201,0.630957,-0.125776,0.408322,0.600560,-0.134172,0.407740,0.659629
2.190000,-0.136523,0.456199,0.630984,-0.125761,0.408323,0.600596,-0.134170,0.407737,0.659671
2.200000,-0.136535,0.456198,0.631021,-0.125752,0.408321,0.600630,-0.134177,0.407737,0.659697
2.210000,-0.136535,0.456202,0.631052,-0.125741,0.408314,0.600675,-0.134180,0.407743,0.659738
2.220000,-0.136545,0.456210,0.631091,-0.125741,0.408339,0.600735,-0.134198,0.407744,0.659784
2.230000,-0.136552,0.456208,0.631133,-0.125728,0.408356,0.600782,-0.134214,0.407758,0.659835
2.240000,-0.136570,0.456226,0.631181,-0.125714,0.408369,0.600852,-0.134233,0.407797,0.659919
2.250000,-0.136596,0.456235,0.631236,-0.125723,0.408336,0.600943,-0.134261,0.407805,0.659985
2.260000,-0.136623,0.456243,0.631282,-0.125712,0.408352,0.601015,-0.134298,0.407819,0.660057
2.270000,-0.136641,0.456269,0.631331,-0.125708,0.408359,0.601091,-0.134332,0.407830,0.660116
2.280000,-0.136664,0.456274,0.631410,-0.125716,0.408367,0.601183,-0.134379,0.407844,0.660194
2.290000,-0.136699,0.456294,0.631466,-0.125705,0.408407,0.601295,-0.134434,0.407874,0.660281
2.300000,-0.136737,0.456336,0.631541,-0.125711,0.408407,0.601412,-0.134491,0.407913,0.660379
2.310000,-0.136780,0.456363,0.631632,-0.125712,0.408465,0.601522,-0.134559,0.407956,0.660499
2.320000,-0.136834,0.456418,0.631750,-0.125698,0.408500,0.601662,-0.134631,0.408014,0.660674
2.330000,-0.136892,0.456487,0.631894,-0.125694,0.408543,0.601827,-0.134718,0.408075,0.660824
2.340000,-0.136966,0.456577,0.632040,-0.125682,0.408617,0.602041,-0.134809,0.408163,0.661007
2.350000,-0.137052,0.456660,0.632272,-0.125672,0.408675,0.602274,-0.134931,0.408284,0.661237
2.360000,-0.137154,0.456753,0.632515,-0.125637,0.408752,0.602559,-0.135075,0.408383,0.661505
2.370000,-0.137267,0.456826,0.632803,-0.125636,0.408802,0.602912,-0.135238,0.408469,0.661789
2.380000,-0.137360,0.456904,0.633099,-0.125608,0.408816,0.603320,-0.135433,0.408569,0.662130
2.390000,-0.137483,0.456957,0.633415,-0.125583,0.408879,0.603731,-0.135671,0.408614,0.662506
2.400000,-0.137584,0.456958,0.633801,-0.125585,0.408909,0.604190,-0.135884,0.408694,0.662885
2.410000,-0.137700,0.457007,0.634175,-0.125541,0.408989,0.604636,-0.136105,0.408814,0.663311
2.420000,-0.137798,0.457123,0.634639,-0.125501,0.409084,0.605131,-0.136340,0.408894,0.663782
2.430000,-0.137980,0.457176,0.635125,-0.125491,0.409191,0.605717,-0.136665,0.409003,0.664363
2.440000,-0.138200,0.457308,0.635665,-0.125479,0.409293,0.606409,-0.137039,0.409108,0.664927
2.450000,-0.138452,0.457428,0.636247,-0.125487,0.409351,0.607113,-0.137399,0.409212,0.665531
2.460000,-0.138704,0.457588,0.636962,-0.125474,0.409468,0.607934,-0.137817,0.409411,0.666305
2.470000,-0.138971,0.457746,0.637690,-0.125511,0.409635,0.608832,-0.138324,0.409569,0.667067
2.480000,-0.139326,0.457908,0.638499,-0.125539,0.409841,0.609789,-0.138838,0.409791,0.667907
2.490000,-0.139697,0.458139,0.639454,-0.125538,0.410024,0.610887,-0.139441,0.409985,0.668921
2.500000,-0.140112,0.458298,0.640435,-0.125572,0.410159,0.612099,-0.140118,0.410165,0.669938
2.510000,-0.140600,0.458512,0.641550,-0.125592,0.410413,0.613386,-0.140780,0.410390,0.671084
2.520000,-0.141049,0.458663,0.642672,-0.125701,0.410560,0.614776,-0.141561,0.410532,0.672258
2.530000,-0.141557,0.458818,0.643964,-0.125784,0.410703,0.616271,-0.142395,0.410836,0.673546
2.540000,-0.142113,0.459036,0.645303,-0.125878,0.410871,0.617840,-0.143057,0.411415,0.674762
2.550000,-0.142733,0.459242,0.646686,-0.126060,0.411028,0.619596,-0.144260,0.411220,0.676364
2.560000,-0.143363,0.459438,0.648263,-0.126175,0.411311,0.621409,-0.145046,0.411849,0.677759
2.570000,-0.144083,0.459663,0.649897,-0.126407,0.411524,0.623441,-0.146426,0.411618,0.679517
2.580000,-0.144833,0.459848,0.651604,-0.126610,0.411785,0.625482,-0.147416,0.412273,0.681111
2.590000,-0.145658,0.459915,0.653328,-0.126932,0.411936,0.627668,-0.148932,0.412128,0.683041
2.600000,-0.146493,0.460364,0.655363,-0.127247,0.412171,0.629874,-0.150317,0.412305,0.684879
2.610000,-0.147413,0.460548,0.657303,-0.127640,0.412371,0.632232,-0.151695,0.412496,0.686763
2.620000,-0.148379,0.460771,0.659330,-0.128031,0.412582,0.634605,-0.152870,0.413242,0.688547
2.630000,-0.149521,0.460840,0.661361,-0.128506,0.412847,0.637036,-0.154703,0.412885,0.690622
2.640000,-0.150598,0.461057,0.663432,-0.129049,0.413032,0.639526,-0.156238,0.413272,0.692139
2.650000,-0.151721,0.461218,0.665507,-0.129579,0.413272,0.642019,-0.157863,0.413456,0.694102
2.660000,-0.152943,0.461395,0.667553,-0.130192,0.413529,0.644508,-0.159808,0.413059,0.696108
2.670000,-0.154191,0.461495,0.669672,-0.130856,0.413714,0.647014,-0.161523,0.413081,0.697954
2.680000,-0.155437,0.461686,0.671728,-0.131565,0.413930,0.649527,-0.163343,0.412822,0.700044
2.690000,-0.156780,0.461758,0.673757,-0.132307,0.414105,0.652036,-0.165093,0.412873,0.701903
2.700000,-0.158127,0.461903,0.675826,-0.133137,0.414375,0.654504,-0.166892,0.412945,0.703722
2.710000,-0.159593,0.462015,0.677825,-0.133979,0.414588,0.656980,-0.168724,0.413032,0.705551
2.720000,-0.160937,0.462190,0.679753,-0.134840,0.414798,0.659425,-0.170547,0.413106,0.707300
2.730000,-0.162356,0.462356,0.681687,-0.135717,0.415006,0.661812,-0.172388,0.413255,0.709031
2.740000,-0.163903,0.462458,0.683576,-0.136664,0.415276,0.664141,-0.174279,0.413402,0.710725
2.750000,-0.165372,0.462630,0.685395,-0.137719,0.415503,0.666503,-0.176199,0.413520,0.712369
2.760000,-0.166985,0.462759,0.687248,-0.138759,0.415798,0.668818,-0.178378,0.413928,0.714280
2.770000,-0.168635,0.462836,0.689034,-0.139848,0.416003,0.671109,-0.180345,0.413982,0.715889
2.780000,-0.170175,0.463026,0.690763,-0.140919,0.416237,0.673352,-0.182020,0.413320,0.716600
2.790000,-0.171859,0.463123,0.692446,-0.142068,0.416488,0.675541,-0.183997,0.413454,0.718055
2.800000,-0.173462,0.463279,0.694105,-0.143174,0.416704,0.677646,-0.185913,0.413446,0.719428
2.810000,-0.175111,0.463390,0.695675,-0.144170,0.416863,0.679758,-0.187885,0.413615,0.720819
2.820000,-0.176707,0.463553,0.697197,-0.145602,0.417052,0.681871,-0.189793,0.413653,0.722086
2.830000,-0.178341,0.463604,0.698695,-0.146873,0.417139,0.683880,-0.191707,0.413749,0.723320
2.840000,-0.179983,0.463726,0.700098,-0.148110,0.417301,0.685812,-0.193553,0.413779,0.724574
2.850000,-0.181523,0.463803,0.701517,-0.149372,0.417429,0.687668,-0.195369,0.413768,0.725711
2.860000,-0.183089,0.463822,0.702861,-0.150660,0.417516,0.689441,-0.197195,0.413853,0.726808
2.870000,-0.184552,0.463862,0.704157,-0.151841,0.417601,0.691226,-0.198923,0.413754,0.727872
2.880000,-0.186042,0.463886,0.705396,-0.153074,0.417660,0.692899,-0.200666,0.413783,0.728889
2.890000,-0.187473,0.463953,0.706575,-0.154303,0.417750,0.694526,-0.202362,0.413844,0.729797
2.900000,-0.188957,0.463981,0.707676,-0.155509,0.417848,0.696144,-0.204016,0.413790,0.730756
2.910000,-0.190421,0.464016,0.708779,-0.156728,0.417963,0.697651,-0.205698,0.413866,0.731687
2.920000,-0.191841,0.464050,0.709808,-0.157898,0.418128,0.699139,-0.207292,0.413863,0.732472
2.930000,-0.193271,0.464093,0.710810,-0.159101,0.418172,0.700558,-0.208867,0.413827,0.733320
2.940000,-0.194539,0.464186,0.711784,-0.160230,0.418235,0.701973,-0.210426,0.413969,0.734072
2.950000,-0.195874,0.464217,0.712661,-0.161347,0.418356,0.703272,-0.211898,0.413987,0.734865
2.960000,-0.197087,0.464274,0.713614,-0.162403,0.418437,0.704602,-0.213326,0.413935,0.735576
2.970000,-0.198328,0.464278,0.714461,-0.163505,0.418516,0.705831,-0.214766,0.414095,0.736310
2.980000,-0.199561,0.464280,0.715312,-0.164554,0.418582,0.707096,-0.216133,0.414048,0.736923
2.990000,-0.200787,0.464343,0.716103,-0.165609,0.418656,0.708269,-0.217502,0.414017,0.737619
3.000000,-0.201933,0.464428,0.716857,-0.166660,0.418725,0.709473,-0.218887,0.414180,0.738208
3.010000,-0.203083,0.464538,0.717591,-0.167684,0.418914,0.710580,-0.220223,0.414239,0.738860
3.020000,-0.204228,0.464610,0.718232,-0.168668,0.419038,0.711644,-0.221499,0.414295,0.739386
3.030000,-0.205304,0.464720,0.718883,-0.169838,0.418755,0.712945,-0.222825,0.414404,0.739938
3.040000,-0.206499,0.464744,0.719530,-0.170828,0.418870,0.713970,-0.224135,0.414489,0.740432
3.050000,-0.207603,0.464838,0.720179,-0.171907,0.418949,0.715037,-0.225433,0.414504,0.740959
3.060000,-0.208686,0.464877,0.720736,-0.172901,0.419076,0.716042,-0.226650,0.414676,0.741382
3.070000,-0.209721,0.464946,0.721347,-0.173858,0.419145,0.717011,-0.227727,0.414749,0.741766
3.080000,-0.210661,0.465027,0.721875,-0.174821,0.419175,0.717982,-0.228738,0.414809,0.742142
3.090000,-0.211671,0.465030,0.722434,-0.175725,0.419244,0.718898,-0.228939,0.416240,0.741737
3.100000,-0.212497,0.465104,0.722936,-0.176556,0.419243,0.719720,-0.231458,0.414088,0.741458
3.110000,-0.213385,0.465162,0.723399,-0.177438,0.419233,0.720644,-0.232535,0.414191,0.741817
3.120000,-0.214243,0.465184,0.723849,-0.178172,0.419344,0.721403,-0.233506,0.414158,0.742084
3.130000,-0.214950,0.465267,0.724234,-0.178991,0.419418,0.722195,-0.234467,0.414450,0.742529
3.140000,-0.215799,0.465317,0.724655,-0.179715,0.419461,0.722933,-0.235416,0.414425,0.742735
3.150000,-0.216516,0.465417,0.725011,-0.180470,0.419583,0.723673,-0.236304,0.414618,0.743111
3.160000,-0.217222,0.465503,0.725428,-0.181192,0.419622,0.724452,-0.237217,0.414709,0.743409
3.170000,-0.217973,0.465601,0.725857,-0.181886,0.419654,0.725180,-0.238068,0.414727,0.743695
3.180000,-0.218652,0.465635,0.726237,-0.182606,0.419656,0.725890,-0.238897,0.415004,0.744148
3.190000,-0.219296,0.465611,0.726707,-0.183275,0.419750,0.726640,-0.239693,0.414922,0.744350
3.200000,-0.219926,0.465612,0.727180,-0.183961,0.419668,0.727369,-0.240491,0.414881,0.744650
3.210000,-0.220476,0.465585,0.727600,-0.184569,0.419577,0.728046,-0.241227,0.415106,0.745115
3.220000,-0.221043,0.465519,0.728023,-0.185125,0.419553,0.728726,-0.241886,0.415012,0.745362
3.230000,-0.221558,0.465487,0.728484,-0.185662,0.419500,0.729422,-0.242585,0.414832,0.745697
3.240000,-0.222048,0.465438,0.728970,-0.186228,0.419357,0.730097,-0.243180,0.414867,0.746061
3.250000,-0.222471,0.465392,0.729403,-0.186676,0.419291,0.730710,-0.243756,0.414882,0.746417
3.260000,-0.222846,0.465324,0.729823,-0.187113,0.419201,0.731357,-0.244266,0.414809,0.746768
3.270000,-0.223206,0.465225,0.730284,-0.187530,0.419064,0.732004,-0.244770,0.414613,0.747003
3.280000,-0.223651,0.465078,0.730789,-0.187940,0.418869,0.732592,-0.245288,0.414415,0.747295
3.290000,-0.224010,0.464892,0.731268,-0.188310,0.418760,0.733188,-0.245732,0.414522,0.747831
3.300000,-0.224327,0.464714,0.731757,-0.188698,0.418570,0.733826,-0.246171,0.414344,0.748144
3.310000,-0.224611,0.464550,0.732231,-0.189079,0.418312,0.734398,-0.246566,0.414192,0.748452
3.320000,-0.224856,0.464375,0.732772,-0.189320,0.418103,0.734898,-0.246864,0.413967,0.748834
3.330000,-0.225042,0.464203,0.733265,-0.189569,0.417854,0.735411,-0.247164,0.413681,0.749215
3.340000,-0.225210,0.464015,0.733739,-0.189786,0.417634,0.735952,-0.247422,0.413489,0.749582
3.350000,-0.225365,0.463814,0.734180,-0.189954,0.417440,0.736446,-0.247623,0.413212,0.749881
3.360000,-0.225519,0.463560,0.734660,-0.190088,0.417273,0.736862,-0.247798,0.413198,0.750343
3.370000,-0.225615,0.463392,0.735102,-0.190210,0.417046,0.737288,-0.247953,0.413012,0.750646
3.380000,-0.225654,0.463258,0.735503,-0.190307,0.416801,0.737686,-0.248060,0.412779,0.750927
3.390000,-0.225678,0.463112,0.735894,-0.190397,0.416574,0.738079,-0.248175,0.412588,0.751220
3.400000,-0.225706,0.462945,0.736271,-0.190438,0.416382,0.738475,-0.248237,0.412350,0.751527
3.410000,-0.225746,0.462746,0.736629,-0.190484,0.416218,0.738818,-0.248322,0.412177,0.751812
3.420000,-0.225772,0.462551,0.737013,-0.190512,0.416028,0.739145,-0.248365,0.411968,0.752068
3.430000,-0.225761,0.462374,0.737376,-0.190518,0.415846,0.739446,-0.248370,0.411831,0.752347
3.440000,-0.225719,0.462234,0.737681,-0.190496,0.415679,0.739695,-0.248351,0.411677,0.752575
3.450000,-0.225704,0.462112,0.737960,-0.190472,0.415527,0.739926,-0.248332,0.411503,0.752799
3.460000,-0.225644,0.462014,0.738167,-0.190435,0.415391,0.740105,-0.248292,0.411342,0.752947
3.470000,-0.225588,0.461930,0.738342,-0.190399,0.415298,0.740262,-0.248256,0.411246,0.753130
3.480000,-0.225536,0.461835,0.738543,-0.190359,0.415209,0.740429,-0.248224,0.411159,0.753374
3.490000,-0.225463,0.461778,0.738728,-0.190320,0.415134,0.740573,-0.248171,0.411116,0.753516
3.500000,-0.225369,0.461705,0.738906,-0.190259,0.415069,0.740695,-0.248075,0.411083,0.753659
3.510000,-0.225291,0.461646,0.739071,-0.190199,0.414988,0.740817,-0.248020,0.411023,0.753782
3.520000,-0.225235,0.461607,0.739195,-0.190144,0.414940,0.740907,-0.247962,0.410990,0.753891
3.530000,-0.225194,0.461586,0.739298,-0.190114,0.414895,0.740993,-0.247914,0.410948,0.753972
3.540000,-0.225190,0.461541,0.739378,-0.190101,0.414851,0.741054,-0.247892,0.410899,0.754049
3.550000,-0.225161,0.461510,0.739439,-0.190081,0.414834,0.741102,-0.247864,0.410891,0.754114
3.560000,-0.225115,0.461479,0.739500,-0.190029,0.414782,0.741147,-0.247814,0.410853,0.754154
3.570000,-0.225053,0.461445,0.739571,-0.189954,0.414761,0.741186,-0.247757,0.410800,0.754211
3.580000,-0.224980,0.461414,0.739629,-0.189883,0.414720,0.741186,-0.247655,0.410761,0.754259
3.590000,-0.224904,0.461361,0.739685,-0.189784,0.414662,0.741195,-0.247572,0.410720,0.754307
3.600000,-0.224827,0.461317,0.739722,-0.189712,0.414608,0.741191,-0.247484,0.410684,0.754338
3.610000,-0.224754,0.461268,0.739736,-0.189615,0.414573,0.741171,-0.247413,0.410655,0.754373
3.620000,-0.224704,0.461240,0.739731,-0.189560,0.414560,0.741135,-0.247324,0.410664,0.754370
3.630000,-0.224616,0.461256,0.739727,-0.189499,0.414554,0.741093,-0.247262,0.410639,0.754354
3.640000,-0.224539,0.461267,0.739694,-0.189433,0.414538,0.741058,-0.247206,0.410632,0.754335
3.650000,-0.224447,0.461251,0.739670,-0.189349,0.414547,0.741001,-0.247114,0.410686,0.754364
3.660000,-0.224354,0.461252,0.739646,-0.189249,0.414534,0.740942,-0.247011,0.410665,0.754351
3.670000,-0.224266,0.461238,0.739627,-0.189163,0.414499,0.740869,-0.246925,0.410637,0.754325
3.680000,-0.224167,0.461240,0.739576,-0.189068,0.414480,0.740783,-0.246827,0.410620,0.754295
3.690000,-0.224096,0.461226,0.739519,-0.188976,0.414476,0.740679,-0.246712,0.410576,0.754212
3.700000,-0.224023,0.461244,0.739429,-0.188878,0.414502,0.740554,-0.246618,0.410573,0.754158
3.710000,-0.223937,0.461273,0.739308,-0.188780,0.414526,0.740413,-0.246493,0.410611,0.754035
3.720000,-0.223852,0.461280,0.739180,-0.188692,0.414561,0.740266,-0.246387,0.410632,0.753937
3.730000,-0.223759,0.461298,0.739052,-0.188578,0.414611,0.740100,-0.246247,0.410608,0.753812
3.740000,-0.223655,0.461323,0.738937,-0.188454,0.414632,0.739913,-0.246117,0.410522,0.753664
3.750000,-0.223557,0.461292,0.738820,-0.188338,0.414642,0.739728,-0.245983,0.410483,0.753586
3.760000,-0.223459,0.461264,0.738726,-0.188210,0.414633,0.739525,-0.245784,0.410406,0.753488
3.770000,-0.223335,0.461244,0.738607,-0.188060,0.414646,0.739289,-0.245574,0.410350,0.753386
3.780000,-0.223196,0.461220,0.738481,-0.187876,0.414664,0.739040,-0.245352,0.410328,0.753332
3.790000,-0.223002,0.461265,0.738295,-0.187668,0.414703,0.738744,-0.245103,0.410347,0.753247
3.800000,-0.222809,0.461269,0.738085,-0.187423,0.414758,0.738451,-0.244832,0.410402,0.753170
3.810000,-0.222598,0.461277,0.737856,-0.187183,0.414804,0.738131,-0.244499,0.410426,0.753030
3.820000,-0.222381,0.461315,0.737626,-0.186866,0.414939,0.737748,-0.244127,0.410433,0.752814
3.830000,-0.222024,0.461445,0.737347,-0.186462,0.415154,0.737234,-0.243646,0.410446,0.752585
3.840000,-0.221620,0.461604,0.736973,-0.186011,0.415316,0.736627,-0.243055,0.410460,0.752276
3.850000,-0.221158,0.461793,0.736537,-0.185489,0.415492,0.735985,-0.242404,0.410684,0.752053
3.860000,-0.220603,0.461987,0.736006,-0.184889,0.415804,0.735270,-0.241689,0.411037,0.751778
3.870000,-0.220085,0.462161,0.735458,-0.184190,0.416134,0.734485,-0.240919,0.411044,0.751347
3.880000,-0.219364,0.462431,0.734867,-0.183504,0.416383,0.733688,-0.240024,0.411366,0.751011
3.890000,-0.218656,0.462632,0.734257,-0.182759,0.416653,0.732798,-0.239159,0.411497,0.750590
3.900000,-0.217927,0.462823,0.733701,-0.181962,0.416806,0.731920,-0.238144,0.411570,0.750116
3.910000,-0.217091,0.462938,0.733150,-0.181077,0.417004,0.730976,-0.237104,0.411829,0.749937
3.920000,-0.216127,0.463110,0.732554,-0.180152,0.417227,0.730020,-0.235920,0.411729,0.749386
3.930000,-0.215268,0.463220,0.731944,-0.179177,0.417373,0.728902,-0.234683,0.412037,0.749175
3.940000,-0.214201,0.463384,0.731240,-0.178120,0.417642,0.727848,-0.233339,0.411978,0.748591
3.950000,-0.213278,0.463575,0.730546,-0.177092,0.417910,0.726691,-0.232054,0.412199,0.748200
3.960000,-0.212319,0.463771,0.729803,-0.176120,0.418148,0.725532,-0.230737,0.412267,0.747682
3.970000,-0.211395,0.463937,0.729124,-0.175122,0.418460,0.724414,-0.229526,0.412416,0.747240
3.980000,-0.210489,0.464005,0.728417,-0.174209,0.418602,0.723273,-0.228322,0.412897,0.748169
3.990000,-0.209516,0.464016,0.727749,-0.173197,0.418735,0.722079,-0.225631,0.414566,0.747016
4.000000,-0.208398,0.463970,0.727155,-0.172102,0.418751,0.720865,-0.224986,0.413130,0.747293
4.010000,-0.207224,0.463872,0.726544,-0.170863,0.419046,0.719354,-0.223569,0.413016,0.746914
4.020000,-0.205825,0.463841,0.725878,-0.169591,0.419000,0.718006,-0.221841,0.412778,0.746426
4.030000,-0.204364,0.463802,0.725179,-0.168231,0.419037,0.716538,-0.219948,0.412791,0.745894
4.040000,-0.202841,0.463766,0.724354,-0.166747,0.419204,0.714951,-0.217870,0.412657,0.745279
4.050000,-0.201117,0.463836,0.723450,-0.165297,0.419246,0.713248,-0.215742,0.412768,0.744577
4.060000,-0.199342,0.463883,0.722469,-0.163649,0.419286,0.711473,-0.213450,0.412729,0.743883
4.070000,-0.197461,0.463849,0.721324,-0.161981,0.419382,0.709566,-0.211062,0.412791,0.743026
4.080000,-0.195405,0.463885,0.720120,-0.160243,0.419415,0.707503,-0.208501,0.412701,0.742073
4.090000,-0.193206,0.463854,0.718860,-0.158459,0.419315,0.705317,-0.205852,0.412669,0.741047
4.100000,-0.190954,0.463748,0.717450,-0.156555,0.419247,0.702983,-0.203080,0.412612,0.739905
4.110000,-0.188646,0.463620,0.716023,-0.154716,0.419057,0.700582,-0.200223,0.412409,0.738686
4.120000,-0.186367,0.463485,0.714496,-0.152860,0.419041,0.698074,-0.197350,0.412225,0.737374
4.130000,-0.184199,0.463450,0.712939,-0.151109,0.419025,0.695579,-0.194568,0.412175,0.736020
4.140000,-0.182178,0.463400,0.711302,-0.149471,0.419073,0.693039,-0.191893,0.412162,0.734655
4.150000,-0.180203,0.463445,0.709621,-0.147860,0.419200,0.690512,-0.189283,0.412153,0.733164
4.160000,-0.178250,0.463533,0.707870,-0.146313,0.419372,0.687977,-0.186723,0.412264,0.731651
4.170000,-0.176410,0.463619,0.706031,-0.145239,0.419358,0.685268,-0.184169,0.412253,0.730064
4.180000,-0.174516,0.463709,0.704199,-0.143943,0.419411,0.682659,-0.181203,0.413487,0.728013
4.190000,-0.172629,0.463776,0.702267,-0.142482,0.419486,0.679916,-0.179266,0.412982,0.727092
4.200000,-0.170936,0.463802,0.700316,-0.141352,0.419573,0.677392,-0.176855,0.412954,0.725297
4.210000,-0.169164,0.463917,0.698382,-0.140255,0.419647,0.674823,-0.174556,0.412909,0.723475
4.220000,-0.167516,0.463933,0.696429,-0.139179,0.419664,0.672252,-0.172313,0.412984,0.721613
4.230000,-0.165949,0.463934,0.694460,-0.138159,0.419660,0.669709,-0.169642,0.414045,0.719449
4.240000,-0.164384,0.464021,0.692481,-0.137198,0.419660,0.667202,-0.168109,0.413046,0.717903
4.250000,-0.162967,0.463946,0.690572,-0.136297,0.419633,0.664717,-0.165645,0.414050,0.715772
4.260000,-0.161579,0.464001,0.688624,-0.135487,0.419595,0.662259,-0.163854,0.414053,0.713908
4.270000,-0.160227,0.464036,0.686762,-0.134746,0.419538,0.659882,-0.162015,0.414024,0.712113
4.280000,-0.159064,0.464035,0.684869,-0.134044,0.419587,0.657539,-0.160332,0.414177,0.710276
4.290000,-0.157910,0.464065,0.683053,-0.133446,0.419624,0.655276,-0.158726,0.414262,0.708512
4.300000,-0.156896,0.464210,0.681219,-0.132879,0.419705,0.653072,-0.157189,0.414441,0.706780
4.310000,-0.155928,0.464265,0.679419,-0.132417,0.419794,0.650928,-0.155804,0.414509,0.705067
4.320000,-0.155084,0.464377,0.677630,-0.131977,0.419878,0.648829,-0.154189,0.414902,0.703630
4.330000,-0.154196,0.464520,0.675996,-0.131623,0.420017,0.646780,-0.152949,0.415028,0.701938
4.340000,-0.153420,0.464645,0.674282,-0.131238,0.420128,0.644777,-0.151750,0.415071,0.700264
4.350000,-0.152759,0.464728,0.672700,-0.130983,0.420154,0.642901,-0.150675,0.415148,0.698690
4.360000,-0.152152,0.464861,0.671075,-0.130693,0.420296,0.641001,-0.149643,0.415214,0.697083
4.370000,-0.151594,0.464900,0.669541,-0.130496,0.420352,0.639256,-0.148851,0.414899,0.695644
4.380000,-0.151046,0.465066,0.668005,-0.130335,0.420473,0.637547,-0.147741,0.415482,0.694037
4.390000,-0.150513,0.465233,0.666584,-0.130139,0.420516,0.635856,-0.147098,0.415201,0.692712
4.400000,-0.150089,0.465277,0.665194,-0.130067,0.420710,0.634249,-0.146334,0.415257,0.691279
4.410000,-0.149613,0.465436,0.663854,-0.129972,0.420742,0.632755,-0.145538,0.415396,0.689980
4.420000,-0.149232,0.465436,0.662622,-0.129852,0.420814,0.631215,-0.144814,0.415484,0.688629
4.430000,-0.148820,0.465452,0.661295,-0.129799,0.420787,0.629863,-0.144066,0.415546,0.687370
4.440000,-0.148480,0.465522,0.660158,-0.129715,0.420853,0.628412,-0.143476,0.415506,0.686138
4.450000,-0.148124,0.465483,0.658895,-0.129665,0.420832,0.627112,-0.142821,0.415608,0.684936
4.460000,-0.147885,0.465509,0.657798,-0.129631,0.420852,0.625836,-0.142265,0.415669,0.683743
4.470000,-0.147571,0.465603,0.656659,-0.129665,0.420967,0.624563,-0.141715,0.415745,0.682660
4.480000,-0.147419,0.465604,0.655669,-0.129722,0.420963,0.623386,-0.141206,0.415833,0.681551
4.490000,-0.147101,0.465658,0.654610,-0.129744,0.421009,0.622265,-0.140752,0.415937,0.680520
4.500000,-0.146947,0.465736,0.653686,-0.129722,0.421085,0.621108,-0.140287,0.416017,0.679541
4.510000,-0.146763,0.465766,0.652829,-0.129746,0.421083,0.620123,-0.139880,0.416024,0.678558
4.520000,-0.146466,0.465755,0.651839,-0.129808,0.421037,0.619137,-0.139488,0.416073,0.677685
4.530000,-0.146366,0.465462,0.650848,-0.129844,0.421073,0.618194,-0.139089,0.416135,0.676785
4.540000,-0.146218,0.465533,0.650034,-0.129858,0.421052,0.617284,-0.138719,0.416121,0.675929
4.550000,-0.146017,0.465596,0.649245,-0.129872,0.421044,0.616387,-0.138375,0.416148,0.675161
4.560000,-0.145877,0.465560,0.648551,-0.129894,0.421022,0.615573,-0.138069,0.416176,0.674391
4.570000,-0.145735,0.465581,0.647841,-0.129932,0.421024,0.614702,-0.137698,0.416233,0.673603
4.580000,-0.145527,0.465689,0.647057,-0.129951,0.421006,0.613947,-0.137420,0.416215,0.672859
4.590000,-0.145373,0.465678,0.646384,-0.129974,0.420916,0.613213,-0.137166,0.416253,0.672161
4.600000,-0.145257,0.465617,0.645725,-0.129952,0.420894,0.612493,-0.136855,0.416273,0.671510
4.610000,-0.145002,0.465595,0.644990,-0.129965,0.420768,0.611805,-0.136598,0.416193,0.670813
4.620000,-0.144819,0.465532,0.644332,-0.129948,0.420715,0.611073,-0.136315,0.416197,0.670138
4.630000,-0.144665,0.465477,0.643708,-0.129899,0.420603,0.610404,-0.136026,0.416221,0.669500
4.640000,-0.144518,0.465408,0.643002,-0.129887,0.420447,0.609710,-0.135796,0.416129,0.668849
4.650000,-0.144254,0.465424,0.642292,-0.129853,0.420344,0.609074,-0.135548,0.416091,0.668233
4.660000,-0.144065,0.465360,0.641685,-0.129805,0.420234,0.608433,-0.135235,0.416087,0.667548
4.670000,-0.143883,0.465274,0.640967,-0.129760,0.420126,0.607781,-0.134977,0.416079,0.666893
4.680000,-0.143691,0.465225,0.640284,-0.129696,0.420044,0.607069,-0.134716,0.416104,0.666330
4.690000,-0.143427,0.465191,0.639528,-0.129632,0.419914,0.606344,-0.134449,0.416074,0.665640
4.700000,-0.143229,0.465153,0.638794,-0.129582,0.419729,0.605694,-0.134141,0.416020,0.664867
4.710000,-0.142948,0.465049,0.637883,-0.129520,0.419597,0.604987,-0.133868,0.415976,0.664244
4.720000,-0.142719,0.464983,0.637336,-0.129454,0.419421,0.604272,-0.133595,0.415959,0.663620
4.730000,-0.142533,0.464869,0.636618,-0.129427,0.419248,0.603614,-0.133318,0.415865,0.662870
4.740000,-0.142309,0.464828,0.635873,-0.129363,0.419150,0.602896,-0.133038,0.415874,0.662171
4.750000,-0.142036,0.464792,0.635088,-0.129286,0.419003,0.602165,-0.132733,0.415889,0.661521
4.760000,-0.141831,0.464678,0.634291,-0.129217,0.418851,0.601459,-0.132449,0.415799,0.660782
4.770000,-0.141635,0.464605,0.633618,-0.129179,0.418667,0.600756,-0.132187,0.415752,0.660111
4.780000,-0.141380,0.464561,0.632820,-0.129119,0.418523,0.600083,-0.131940,0.415727,0.659456
4.790000,-0.141205,0.464404,0.632081,-0.129065,0.418324,0.599395,-0.131647,0.415699,0.658740
4.800000,-0.140970,0.464352,0.631418,-0.128991,0.418213,0.598732,-0.131393,0.415622,0.658082
4.810000,-0.140781,0.464304,0.630707,-0.128905,0.418078,0.598080,-0.131153,0.415629,0.657498
4.820000,-0.140546,0.464244,0.629962,-0.128848,0.417926,0.597467,-0.130905,0.415576,0.656810
4.830000,-0.140403,0.464166,0.629345,-0.128769,0.417788,0.596843,-0.130669,0.415613,0.656264
4.840000,-0.140231,0.464064,0.628653,-0.128711,0.417656,0.596209,-0.130438,0.415556,0.655652
4.850000,-0.140067,0.463967,0.627923,-0.128679,0.417489,0.595616,-0.130226,0.415522,0.655002
4.860000,-0.139882,0.463973,0.627251,-0.128633,0.417350,0.594983,-0.130017,0.415557,0.654409
4.870000,-0.139733,0.463937,0.626539,-0.128587,0.417265,0.594318,-0.129802,0.415613,0.653780
4.880000,-0.139595,0.463852,0.625833,-0.128525,0.417155,0.593665,-0.129583,0.415579,0.653129
4.890000,-0.139388,0.463803,0.625104,-0.128498,0.417026,0.593073,-0.129385,0.415515,0.652538
4.900000,-0.139212,0.463713,0.624483,-0.128460,0.416891,0.592403,-0.129142,0.415552,0.651881
4.910000,-0.139086,0.463671,0.623760,-0.128427,0.416769,0.591753,-0.128929,0.415550,0.651229
4.920000,-0.138952,0.463648,0.623019,-0.128366,0.416739,0.591065,-0.128725,0.415525,0.650607
4.930000,-0.138772,0.463608,0.622362,-0.128360,0.416566,0.590447,-0.128495,0.415546,0.649917
4.940000,-0.138633,0.463504,0.621605,-0.128334,0.416446,0.589803,-0.128281,0.415499,0.649276
4.950000,-0.138467,0.463455,0.620916,-0.128318,0.416311,0.589144,-0.128027,0.415476,0.648664
4.960000,-0.138324,0.463332,0.620300,-0.128251,0.416220,0.588464,-0.127821,0.415458,0.648003
4.970000,-0.138142,0.463246,0.619504,-0.128212,0.416029,0.587844,-0.127625,0.415382,0.647348
4.980000,-0.137973,0.463183,0.618845,-0.128175,0.415844,0.587202,-0.127398,0.415318,0.646725
4.990000,-0.137826,0.463098,0.618215,-0.128116,0.415741,0.586612,-0.127154,0.415301,0.646150
5.000000,-0.137651,0.463003,0.617538,-0.128036,0.415607,0.585995,-0.126942,0.415285,0.645542
5.010000,-0.137443,0.462894,0.616859,-0.127991,0.415444,0.585396,-0.126746,0.415254,0.644963
5.020000,-0.137262,0.462859,0.616233,-0.127932,0.415318,0.584862,-0.126525,0.415228,0.644387
5.030000,-0.137105,0.462789,0.615706,-0.127845,0.415195,0.584346,-0.126329,0.415194,0.643893
5.040000,-0.136977,0.462675,0.615120,-0.128021,0.414969,0.584000,-0.126156,0.415146,0.643399
5.050000,-0.136772,0.462657,0.614485,-0.127924,0.414861,0.583457,-0.125950,0.415133,0.642887
5.060000,-0.136560,0.462564,0.614005,-0.127862,0.414687,0.582999,-0.125752,0.415071,0.642405
5.070000,-0.136400,0.462455,0.613530,-0.127798,0.414529,0.582596,-0.125590,0.415031,0.641994
5.080000,-0.136269,0.462343,0.613136,-0.127723,0.414393,0.582238,-0.125442,0.414970,0.641594
5.090000,-0.136144,0.462206,0.612678,-0.127640,0.414279,0.581889,-0.125323,0.414933,0.641257
5.100000,-0.136023,0.462139,0.612305,-0.127573,0.414154,0.581568,-0.125195,0.414910,0.640952
5.110000,-0.135880,0.462100,0.611968,-0.127508,0.414058,0.581260,-0.125082,0.414823,0.640605
5.120000,-0.135764,0.462046,0.611661,-0.127400,0.413987,0.580908,-0.124959,0.414782,0.640320
5.130000,-0.135629,0.461972,0.611370,-0.127334,0.413906,0.580627,-0.124859,0.414724,0.640074
5.140000,-0.135524,0.461924,0.611115,-0.127264,0.413795,0.580411,-0.124759,0.414682,0.639810
5.150000,-0.135422,0.461847,0.610794,-0.127207,0.413702,0.580195,-0.124641,0.414656,0.639570
5.160000,-0.135316,0.461787,0.610555,-0.127163,0.413604,0.580019,-0.124554,0.414627,0.639377
5.170000,-0.135246,0.461726,0.610332,-0.127098,0.413522,0.579837,-0.124492,0.414615,0.639168
5.180000,-0.135171,0.461696,0.610127,-0.127056,0.413472,0.579675,-0.124436,0.414612,0.639006
5.190000,-0.135111,0.461723,0.609922,-0.127014,0.413430,0.579495,-0.124382,0.414620,0.638841
5.200000,-0.135044,0.461718,0.609733,-0.126975,0.413414,0.579342,-0.124345,0.414611,0.638689
5.210000,-0.135004,0.461714,0.609580,-0.126935,0.413384,0.579189,-0.124302,0.414622,0.638533
5.220000,-0.134962,0.461712,0.609430,-0.126889,0.413374,0.579050,-0.124242,0.414616,0.638402
5.230000,-0.134911,0.461698,0.609306,-0.126838,0.413358,0.578932,-0.124208,0.414602,0.638290
5.240000,-0.134852,0.461675,0.609218,-0.126774,0.413326,0.578849,-0.124162,0.414606,0.638214
5.250000,-0.134795,0.461656,0.609157,-0.126694,0.413287,0.578747,-0.124131,0.414572,0.638137
5.260000,-0.134738,0.461635,0.609122,-0.126636,0.413266,0.578698,-0.124091,0.414571,0.638112
5.270000,-0.134691,0.461622,0.609104,-0.126558,0.413248,0.578694,-0.124062,0.414554,0.638106
5.280000,-0.134635,0.461616,0.609109,-0.126476,0.413250,0.578711,-0.124034,0.414577,0.638143
5.290000,-0.134579,0.461621,0.609133,-0.126388,0.413225,0.578760,-0.124014,0.414556,0.638198
5.300000,-0.134522,0.461600,0.609179,-0.126305,0.413206,0.578847,-0.123997,0.414543,0.638256
5.310000,-0.134435,0.461601,0.609248,-0.126196,0.413203,0.578952,-0.123977,0.414535,0.638333
5.320000,-0.134370,0.461576,0.609311,-0.126090,0.413190,0.579029,-0.123960,0.414505,0.638426
5.330000,-0.134284,0.461541,0.609398,-0.125987,0.413174,0.579116,-0.123937,0.414480,0.638522
5.340000,-0.134196,0.461515,0.609472,-0.125895,0.413114,0.579236,-0.123921,0.414439,0.638621
5.350000,-0.134116,0.461475,0.609539,-0.125789,0.413089,0.579330,-0.123906,0.414399,0.638725
5.360000,-0.134036,0.461408,0.609632,-0.125691,0.413054,0.579420,-0.123882,0.414332,0.638817
5.370000,-0.133947,0.461372,0.609706,-0.125593,0.413009,0.579526,-0.123851,0.414300,0.638925
5.380000,-0.133835,0.461343,0.609789,-0.125475,0.412972,0.579641,-0.123828,0.414240,0.639024
5.390000,-0.133735,0.461296,0.609852,-0.125342,0.412910,0.579738,-0.123789,0.414178,0.639117
5.400000,-0.133657,0.461250,0.609922,-0.125236,0.412863,0.579828,-0.123765,0.414141,0.639202
5.410000,-0.133582,0.461191,0.609979,-0.125126,0.412796,0.579916,-0.123737,0.414083,0.639284
5.420000,-0.133491,0.461149,0.610019,-0.125008,0.412752,0.579983,-0.123697,0.414055,0.639356
5.430000,-0.133399,0.461096,0.610079,-0.124911,0.412691,0.580047,-0.123661,0.414028,0.639438
5.440000,-0.133315,0.461063,0.610098,-0.124817,0.412658,0.580096,-0.123613,0.413976,0.639493
5.450000,-0.133231,0.461027,0.610118,-0.124727,0.412601,0.580143,-0.123573,0.413942,0.639548
5.460000,-0.133131,0.460999,0.610138,-0.124628,0.412523,0.580187,-0.123525,0.413900,0.639584
5.470000,-0.133045,0.460964,0.610164,-0.124526,0.412437,0.580236,-0.123479,0.413860,0.639630
5.480000,-0.132968,0.460936,0.610180,-0.124432,0.412382,0.580276,-0.123437,0.413825,0.639656
5.490000,-0.132878,0.460893,0.610214,-0.124349,0.412335,0.580313,-0.123398,0.413776,0.639711
5.500000,-0.132777,0.460863,0.610234,-0.124260,0.412298,0.580355,-0.123345,0.413760,0.639777
5.510000,-0.132699,0.460821,0.610261,-0.124150,0.412252,0.580406,-0.123291,0.413732,0.639811
5.520000,-0.132605,0.460784,0.610322,-0.124052,0.412204,0.580455,-0.123244,0.413700,0.639853
5.530000,-0.132520,0.460723,0.610354,-0.123957,0.412174,0.580499,-0.123202,0.413660,0.639895
5.540000,-0.132434,0.460677,0.610393,-0.123863,0.412108,0.580553,-0.123146,0.413620,0.639941
5.550000,-0.132337,0.460642,0.610418,-0.123764,0.412078,0.580604,-0.123083,0.413565,0.639988
5.560000,-0.132230,0.460614,0.610465,-0.123667,0.412037,0.580640,-0.123032,0.413520,0.640038
5.570000,-0.132152,0.460566,0.610502,-0.123590,0.411987,0.580688,-0.122972,0.413483,0.640091
5.580000,-0.132071,0.460517,0.610542,-0.123504,0.411939,0.580739,-0.122921,0.413400,0.640149
5.590000,-0.131973,0.460483,0.610600,-0.123419,0.411870,0.580789,-0.122866,0.413357,0.640200
5.600000,-0.131903,0.460414,0.610646,-0.123345,0.411820,0.580827,-0.122816,0.413306,0.640244
5.610000,-0.131815,0.460370,0.610697,-0.123272,0.411785,0.580871,-0.122769,0.413251,0.640287
5.620000,-0.131733,0.460318,0.610738,-0.123189,0.411727,0.580904,-0.122708,0.413191,0.640336
5.630000,-0.131652,0.460270,0.610783,-0.123106,0.411684,0.580938,-0.122661,0.413138,0.640379
5.640000,-0.131579,0.460239,0.610828,-0.123043,0.411640,0.580971,-0.122606,0.413079,0.640419
5.650000,-0.131508,0.460183,0.610883,-0.122972,0.411598,0.581005,-0.122559,0.413029,0.640464
5.660000,-0.131434,0.460134,0.610909,-0.122899,0.411544,0.581053,-0.122516,0.412971,0.640516
5.670000,-0.131354,0.460071,0.610965,-0.122613,0.411565,0.580948,-0.122467,0.412909,0.640548
5.680000,-0.131281,0.459983,0.611006,-0.122776,0.411417,0.581126,-0.122410,0.412868,0.640579
5.690000,-0.131219,0.459927,0.611022,-0.122715,0.411384,0.581143,-0.122362,0.412818,0.640594
5.700000,-0.131165,0.459888,0.611029,-0.122662,0.411329,0.581147,-0.122306,0.412772,0.640597
5.710000,-0.131107,0.459862,0.611017,-0.122614,0.411299,0.581140,-0.122258,0.412734,0.640586
5.720000,-0.131052,0.459807,0.611027,-0.122558,0.411252,0.581123,-0.122195,0.412682,0.640555
5.730000,-0.130999,0.459770,0.611019,-0.122523,0.411227,0.581103,-0.122134,0.412643,0.640529
5.740000,-0.130937,0.459732,0.611006,-0.122481,0.411187,0.581084,-0.122097,0.412590,0.640504
5.750000,-0.130884,0.459688,0.610995,-0.122446,0.411113,0.581070,-0.122049,0.412540,0.640479
5.760000,-0.130814,0.459654,0.610958,-0.122413,0.411066,0.581040,-0.122016,0.412496,0.640442
5.770000,-0.130772,0.459608,0.610943,-0.122394,0.411039,0.581004,-0.121957,0.412463,0.640409
5.780000,-0.130733,0.459565,0.610912,-0.122374,0.411003,0.580985,-0.121928,0.412406,0.640383
5.790000,-0.130699,0.459529,0.610886,-0.122358,0.410975,0.580954,-0.121905,0.412358,0.640355
5.800000,-0.130679,0.459487,0.610851,-0.122343,0.410937,0.580927,-0.121897,0.412319,0.640326
5.810000,-0.130659,0.459455,0.610827,-0.122330,0.410895,0.580908,-0.121889,0.412291,0.640305
5.820000,-0.130646,0.459422,0.610811,-0.122330,0.410877,0.580861,-0.121878,0.412251,0.640284
5.830000,-0.130636,0.459402,0.610787,-0.122323,0.410845,0.580840,-0.121878,0.412222,0.640263
5.840000,-0.130626,0.459368,0.610756,-0.122326,0.410825,0.580820,-0.121875,0.412202,0.640237
5.850000,-0.130624,0.459354,0.610736,-0.122327,0.410813,0.580795,-0.121880,0.412193,0.640214
5.860000,-0.130633,0.459339,0.610726,-0.122336,0.410801,0.580772,-0.121889,0.412160,0.640175
5.870000,-0.130637,0.459353,0.610708,-0.122350,0.410804,0.580756,-0.121895,0.412171,0.640174
5.880000,-0.130658,0.459333,0.610700,-0.122360,0.410787,0.580741,-0.121918,0.412137,0.640137
5.890000,-0.130673,0.459338,0.610682,-0.122383,0.410803,0.580732,-0.121935,0.412140,0.640127
5.900000,-0.130685,0.459323,0.610681,-0.122390,0.410798,0.580715,-0.121948,0.412146,0.640122
5.910000,-0.130703,0.459333,0.610672,-0.122395,0.410803,0.580717,-0.121963,0.412137,0.640122
5.920000,-0.130716,0.459321,0.610683,-0.122406,0.410790,0.580716,-0.121986,0.412129,0.640114
5.930000,-0.130727,0.459320,0.610694,-0.122411,0.410792,0.580730,-0.121996,0.412124,0.640128
5.940000,-0.130729,0.459315,0.610715,-0.122412,0.410789,0.580739,-0.122012,0.412128,0.640164
5.950000,-0.130740,0.459292,0.610749,-0.122419,0.410770,0.580775,-0.122023,0.412100,0.640187
5.960000,-0.130731,0.459285,0.610786,-0.122405,0.410751,0.580797,-0.122033,0.412098,0.640222
5.970000,-0.130728,0.459263,0.610816,-0.122399,0.410744,0.580829,-0.122045,0.412062,0.640256
5.980000,-0.130719,0.459240,0.610856,-0.122394,0.410711,0.580865,-0.122055,0.412041,0.640281
5.990000,-0.130705,0.459209,0.610884,-0.122366,0.410697,0.580910,-0.122071,0.412028,0.640320
6.000000,-0.130694,0.459196,0.610920,-0.122353,0.410682,0.580945,-0.122067,0.412011,0.640352
