Time,org_x,org_y,org_z,xvec_x,xvec_y,xvec_z,zvec_x,zvec_y,zvec_z
0.000000,0.562738,0.042808,0.360793,0.531049,0.053072,0.312867,0.586146,0.032130,0.310583
0.010000,0.562748,0.042745,0.360789,0.531068,0.053065,0.312889,0.586140,0.032072,0.310604
0.020000,0.562753,0.042725,0.360817,0.531074,0.053037,0.312889,0.586164,0.031988,0.310658
0.030000,0.562768,0.042717,0.360835,0.531107,0.053007,0.312930,0.586189,0.031955,0.310698
0.040000,0.562778,0.042662,0.360854,0.531121,0.052981,0.312936,0.586199,0.031940,0.310722
0.050000,0.562809,0.042664,0.360883,0.531153,0.052996,0.312980,0.586226,0.031894,0.310747
0.060000,0.562831,0.042646,0.360918,0.531185,0.052986,0.312992,0.586257,0.031890,0.310780
0.070000,0.562864,0.042619,0.360948,0.531218,0.052982,0.313023,0.586297,0.031895,0.310820
0.080000,0.562898,0.042618,0.360982,0.531253,0.052983,0.313059,0.586324,0.031858,0.310857
0.090000,0.562913,0.042590,0.361006,0.531289,0.052975,0.313086,0.586344,0.031853,0.310893
0.100000,0.562943,0.042564,0.361050,0.531312,0.052961,0.313111,0.586369,0.031826,0.310930
0.110000,0.562966,0.042549,0.361079,0.531326,0.052979,0.313149,0.586429,0.031836,0.311006
0.120000,0.562981,0.042516,0.361091,0.531360,0.052933,0.313187,0.586439,0.031795,0.311041
0.130000,0.562990,0.042487,0.361119,0.531386,0.052913,0.313195,0.586476,0.031744,0.311067
0.140000,0.562999,0.042471,0.361133,0.531389,0.052895,0.313213,0.586474,0.031732,0.311089
0.150000,0.562998,0.042446,0.361150,0.531414,0.052861,0.313216,0.586491,0.031686,0.311106
0.160000,0.563004,0.042428,0.361159,0.531431,0.052838,0.313226,0.586507,0.031677,0.311131
0.170000,0.563020,0.042388,0.361160,0.531447,0.052809,0.313216,0.586524,0.031640,0.311145
0.180000,0.563040,0.042362,0.361170,0.531460,0.052767,0.313217,0.586536,0.031565,0.311144
0.190000,0.563050,0.042332,0.361183,0.531472,0.052757,0.313225,0.586551,0.031568,0.311171
0.200000,0.563040,0.042302,0.361189,0.531508,0.052718,0.313218,0.586546,0.031477,0.311167
0.210000,0.563049,0.042268,0.361196,0.531487,0.052676,0.313246,0.586564,0.031417,0.311184
0.220000,0.563047,0.042246,0.361228,0.531475,0.052653,0.313269,0.586531,0.031420,0.311213
0.230000,0.563029,0.042204,0.361246,0.531458,0.052608,0.313293,0.586507,0.031301,0.311233
0.240000,0.563020,0.042170,0.361261,0.531444,0.052564,0.313315,0.586496,0.031244,0.311254
0.250000,0.563012,0.042133,0.361282,0.531434,0.052523,0.313326,0.586482,0.031203,0.311262
0.260000,0.563000,0.042091,0.361297,0.531430,0.052460,0.313328,0.586483,0.031128,0.311284
0.270000,0.562997,0.042019,0.361298,0.531414,0.052371,0.313324,0.586453,0.030950,0.311326
0.280000,0.562980,0.041952,0.361316,0.531405,0.052268,0.313361,0.586446,0.030898,0.311349
0.290000,0.562946,0.041821,0.361365,0.531385,0.052220,0.313382,0.586427,0.030828,0.311377
0.300000,0.562924,0.041755,0.361410,0.531377,0.052145,0.313397,0.586384,0.030697,0.311380
0.310000,0.562867,0.041655,0.361461,0.531355,0.052041,0.313428,0.586366,0.030622,0.311423
0.320000,0.562834,0.041584,0.361492,0.531330,0.051966,0.313469,0.586344,0.030544,0.311458
0.330000,0.562790,0.041526,0.361560,0.531309,0.051895,0.313496,0.586299,0.030474,0.311498
0.340000,0.562762,0.041449,0.361602,0.531285,0.051834,0.313531,0.586265,0.030367,0.311522
0.350000,0.562725,0.041366,0.361619,0.531263,0.051737,0.313551,0.586241,0.030273,0.311551
0.360000,0.562689,0.041283,0.361658,0.531235,0.051659,0.313562,0.586223,0.030196,0.311578
0.370000,0.562671,0.041201,0.361671,0.531214,0.051560,0.313577,0.586190,0.030096,0.311581
0.380000,0.562652,0.041038,0.361677,0.531201,0.051456,0.313576,0.586161,0.029986,0.311589
0.390000,0.562619,0.040955,0.361686,0.531186,0.051376,0.313573,0.586146,0.029905,0.311602
0.400000,0.562581,0.040870,0.361695,0.531169,0.051307,0.313590,0.586113,0.029802,0.311602
0.410000,0.562543,0.040743,0.361677,0.531128,0.051226,0.313589,0.586078,0.029733,0.311598
0.420000,0.562512,0.040662,0.361672,0.531085,0.051156,0.313600,0.586054,0.029668,0.311595
0.430000,0.562483,0.040605,0.361672,0.531067,0.051109,0.313573,0.586016,0.029605,0.311594
0.440000,0.562458,0.040532,0.361646,0.531052,0.051042,0.313571,0.585998,0.029546,0.311587
0.450000,0.562446,0.040469,0.361628,0.531043,0.050988,0.313557,0.585987,0.029469,0.311562
0.460000,0.562440,0.040424,0.361612,0.531033,0.050925,0.313522,0.585982,0.029414,0.311554
0.470000,0.562446,0.040406,0.361592,0.531036,0.050899,0.313500,0.585972,0.029360,0.311531
0.480000,0.562456,0.040379,0.361574,0.531035,0.050866,0.313479,0.585990,0.029332,0.311511
0.490000,0.562459,0.040372,0.361551,0.531045,0.050849,0.313467,0.585977,0.029331,0.311478
0.500000,0.562477,0.040358,0.361528,0.531035,0.050853,0.313440,0.585980,0.029324,0.311459
0.510000,0.562476,0.040406,0.361511,0.531045,0.050865,0.313425,0.585980,0.029357,0.311441
0.520000,0.562487,0.040395,0.361475,0.531049,0.050867,0.313398,0.585996,0.029344,0.311406
0.530000,0.562502,0.040442,0.361462,0.531060,0.050887,0.313379,0.586003,0.029399,0.311395
0.540000,0.562521,0.040475,0.361442,0.531083,0.050925,0.313359,0.586038,0.029424,0.311383
0.550000,0.562569,0.040546,0.361423,0.531111,0.050950,0.313335,0.586066,0.029451,0.311365
0.560000,0.562610,0.040613,0.361404,0.531154,0.051015,0.313335,0.586112,0.029502,0.311356
0.570000,0.562666,0.040662,0.361400,0.531195,0.051087,0.313319,0.586147,0.029547,0.311345
0.580000,0.562704,0.040774,0.361370,0.531249,0.051144,0.313329,0.586175,0.029602,0.311340
0.590000,0.562748,0.040842,0.361378,0.531277,0.051236,0.313346,0.586206,0.029690,0.311331
0.600000,0.562801,0.040939,0.361379,0.531310,0.051315,0.313341,0.586269,0.029813,0.311336
0.610000,0.562854,0.041015,0.361374,0.531356,0.051413,0.313356,0.586302,0.029883,0.311342
0.620000,0.562902,0.041107,0.361382,0.531414,0.051544,0.313369,0.586357,0.029963,0.311336
0.630000,0.562961,0.041188,0.361391,0.531467,0.051635,0.313379,0.586398,0.030077,0.311344
0.640000,0.563005,0.041253,0.361399,0.531512,0.051711,0.313389,0.586447,0.030173,0.311368
0.650000,0.563076,0.041375,0.361399,0.531543,0.051794,0.313400,0.586479,0.030243,0.311400
0.660000,0.563104,0.041443,0.361424,0.531573,0.051862,0.313419,0.586512,0.030336,0.311410
0.670000,0.563114,0.041514,0.361438,0.531605,0.051945,0.313436,0.586546,0.030402,0.311437
0.680000,0.563149,0.041605,0.361452,0.531630,0.052014,0.313450,0.586585,0.030493,0.311467
0.690000,0.563174,0.041657,0.361476,0.531676,0.052121,0.313474,0.586614,0.030579,0.311493
0.700000,0.563194,0.041771,0.361536,0.531730,0.052197,0.313488,0.586637,0.030648,0.311513
0.710000,0.563227,0.041821,0.361551,0.531745,0.052287,0.313497,0.586656,0.030697,0.311540
0.720000,0.563264,0.041988,0.361545,0.531777,0.052323,0.313525,0.586679,0.030769,0.311558
0.730000,0.563275,0.042055,0.361588,0.531781,0.052426,0.313533,0.586699,0.030847,0.311567
0.740000,0.563288,0.042107,0.361576,0.531785,0.052484,0.313547,0.586711,0.031000,0.311558
0.750000,0.563290,0.042190,0.361598,0.531793,0.052557,0.313568,0.586705,0.031061,0.311577
0.760000,0.563289,0.042215,0.361604,0.531776,0.052587,0.313572,0.586694,0.031123,0.311572
0.770000,0.563272,0.042259,0.361598,0.531763,0.052619,0.313579,0.586688,0.031125,0.311568
0.780000,0.563260,0.042291,0.361592,0.531747,0.052635,0.313568,0.586675,0.031152,0.311554
0.790000,0.563232,0.042308,0.361579,0.531703,0.052659,0.313577,0.586652,0.031174,0.311550
0.800000,0.563227,0.042315,0.361564,0.531706,0.052651,0.313547,0.586638,0.031174,0.311545
0.810000,0.563196,0.042302,0.361547,0.531683,0.052676,0.313543,0.586619,0.031160,0.311514
0.820000,0.563165,0.042315,0.361540,0.531623,0.052671,0.313530,0.586584,0.031178,0.311509
0.830000,0.563149,0.042333,0.361524,0.531580,0.052702,0.313526,0.586551,0.031193,0.311479
0.840000,0.563097,0.042338,0.361500,0.531536,0.052726,0.313505,0.586516,0.031214,0.311454
0.850000,0.563065,0.042365,0.361477,0.531486,0.052748,0.313484,0.586462,0.031226,0.311431
0.860000,0.563026,0.042366,0.361445,0.531434,0.052752,0.313464,0.586423,0.031245,0.311384
0.870000,0.562969,0.042376,0.361398,0.531373,0.052756,0.313438,0.586349,0.031268,0.311344
0.880000,0.562939,0.042353,0.361314,0.531312,0.052760,0.313400,0.586297,0.031278,0.311288
0.890000,0.562879,0.042351,0.361258,0.531262,0.052759,0.313350,0.586211,0.031301,0.311241
0.900000,0.562840,0.042347,0.361202,0.531200,0.052729,0.313302,0.586160,0.031275,0.311186
0.910000,0.562790,0.042337,0.361136,0.531134,0.052693,0.313223,0.586112,0.031285,0.311105
0.920000,0.562740,0.042345,0.361082,0.531066,0.052670,0.313165,0.586046,0.031283,0.311041
0.930000,0.562688,0.042349,0.361011,0.531005,0.052666,0.313106,0.585940,0.031172,0.310950
0.940000,0.562622,0.042357,0.360953,0.530948,0.052660,0.313054,0.585868,0.031183,0.310867
0.950000,0.562568,0.042349,0.360893,0.530859,0.052687,0.312988,0.585802,0.031208,0.310791
0.960000,0.562523,0.042383,0.360830,0.530810,0.052672,0.312941,0.585746,0.031209,0.310725
0.970000,0.562473,0.042364,0.360767,0.530758,0.052692,0.312901,0.585676,0.031244,0.310672
0.980000,0.562433,0.042376,0.360723,0.530713,0.052711,0.312853,0.585609,0.031278,0.310594
0.990000,0.562399,0.042373,0.360676,0.530673,0.052725,0.312817,0.585560,0.031269,0.310538
1.000000,0.562357,0.042386,0.360629,0.530622,0.052727,0.312786,0.585507,0.031280,0.310480
1.010000,0.562310,0.042396,0.360590,0.530560,0.052770,0.312755,0.585444,0.031268,0.310410
1.020000,0.562240,0.042421,0.360534,0.530483,0.052786,0.312704,0.585379,0.031301,0.310369
1.030000,0.562187,0.042424,0.360486,0.530377,0.052738,0.312624,0.585321,0.031323,0.310307
1.040000,0.562132,0.042455,0.360434,0.530313,0.052751,0.312589,0.585278,0.031351,0.310254
1.050000,0.562095,0.042462,0.360401,0.530294,0.052748,0.312549,0.585266,0.031347,0.310217
1.060000,0.562092,0.042464,0.360348,0.530277,0.052754,0.312509,0.585243,0.031334,0.310152
1.070000,0.562079,0.042469,0.360306,0.530267,0.052766,0.312465,0.585251,0.031467,0.310080
1.080000,0.562063,0.042470,0.360263,0.530255,0.052763,0.312414,0.585245,0.031457,0.310001
1.090000,0.562048,0.042494,0.360221,0.530245,0.052780,0.312372,0.585190,0.031451,0.309951
1.100000,0.562035,0.042507,0.360189,0.530231,0.052782,0.312332,0.585209,0.031459,0.309926
1.110000,0.562019,0.042537,0.360167,0.530221,0.052788,0.312296,0.585161,0.031474,0.309868
1.120000,0.562006,0.042545,0.360139,0.530195,0.052789,0.312301,0.585151,0.031481,0.309852
1.130000,0.561995,0.042547,0.360121,0.530183,0.052808,0.312285,0.585140,0.031513,0.309828
1.140000,0.561993,0.042570,0.360116,0.530164,0.052832,0.312278,0.585139,0.031540,0.309817
1.150000,0.561993,0.042598,0.360101,0.530169,0.052857,0.312277,0.585124,0.031556,0.309804
1.160000,0.562001,0.042611,0.360102,0.530185,0.052886,0.312256,0.585141,0.031594,0.309797
1.170000,0.562008,0.042645,0.360103,0.530187,0.052898,0.312260,0.585140,0.031593,0.309796
1.180000,0.562023,0.042664,0.360101,0.530186,0.052932,0.312279,0.585156,0.031646,0.309811
1.190000,0.562022,0.042696,0.360106,0.530206,0.052984,0.312278,0.585193,0.031674,0.309830
1.200000,0.562033,0.042718,0.360127,0.530223,0.052998,0.312281,0.585228,0.031816,0.309824
1.210000,0.562043,0.042750,0.360135,0.530234,0.053058,0.312306,0.585238,0.031832,0.309846
1.220000,0.562052,0.042769,0.360153,0.530280,0.053155,0.312350,0.585257,0.031874,0.309864
1.230000,0.562079,0.042786,0.360170,0.530295,0.053175,0.312355,0.585274,0.031911,0.309875
1.240000,0.562090,0.042808,0.360194,0.530319,0.053215,0.312390,0.585295,0.031948,0.309913
1.250000,0.562111,0.042838,0.360223,0.530420,0.053415,0.312357,0.585327,0.031969,0.309944
1.260000,0.562135,0.042864,0.360258,0.530439,0.053439,0.312384,0.585349,0.032014,0.309981
1.270000,0.562165,0.042893,0.360288,0.530489,0.053494,0.312420,0.585374,0.032029,0.309998
1.280000,0.562205,0.042911,0.360314,0.530540,0.053517,0.312437,0.585425,0.032071,0.310027
1.290000,0.562238,0.042936,0.360322,0.530583,0.053546,0.312439,0.585459,0.032090,0.310044
1.300000,0.562295,0.042905,0.360324,0.530625,0.053549,0.312455,0.585513,0.032148,0.310072
1.310000,0.562338,0.042902,0.360328,0.530671,0.053550,0.312454,0.585541,0.032158,0.310090
1.320000,0.562346,0.042950,0.360345,0.530686,0.053563,0.312457,0.585584,0.032175,0.310104
1.330000,0.562371,0.042951,0.360360,0.530704,0.053564,0.312465,0.585592,0.032207,0.310108
1.340000,0.562376,0.042966,0.360364,0.530704,0.053566,0.312483,0.585612,0.032226,0.310129
1.350000,0.562387,0.042991,0.360378,0.530717,0.053563,0.312492,0.585630,0.032219,0.310138
1.360000,0.562382,0.043004,0.360381,0.530731,0.053554,0.312490,0.585643,0.032252,0.310156
1.370000,0.562442,0.042990,0.360407,0.530751,0.053574,0.312494,0.585669,0.032264,0.310158
1.380000,0.562450,0.043021,0.360411,0.530769,0.053588,0.312505,0.585678,0.032265,0.310174
1.390000,0.562472,0.043045,0.360429,0.530784,0.053618,0.312514,0.585704,0.032295,0.310187
1.400000,0.562482,0.043072,0.360427,0.530796,0.053640,0.312521,0.585708,0.032311,0.310180
1.410000,0.562496,0.043105,0.360440,0.530798,0.053684,0.312542,0.585717,0.032373,0.310189
1.420000,0.562500,0.043155,0.360443,0.530789,0.053727,0.312548,0.585720,0.032437,0.310192
1.430000,0.562504,0.043180,0.360440,0.530783,0.053750,0.312560,0.585713,0.032460,0.310194
1.440000,0.562486,0.043249,0.360453,0.530773,0.053798,0.312548,0.585731,0.032532,0.310185
1.450000,0.562482,0.043304,0.360439,0.530777,0.053826,0.312542,0.585736,0.032575,0.310165
1.460000,0.562485,0.043330,0.360415,0.530780,0.053872,0.312527,0.585742,0.032625,0.310156
1.470000,0.562538,0.043410,0.360399,0.530784,0.053891,0.312504,0.585744,0.032673,0.310127
1.480000,0.562522,0.043485,0.360386,0.530790,0.053948,0.312477,0.585753,0.032722,0.310103
1.490000,0.562528,0.043529,0.360336,0.530802,0.053981,0.312454,0.585780,0.032766,0.310071
1.500000,0.562529,0.043568,0.360334,0.530806,0.054030,0.312433,0.585784,0.032818,0.310043
1.510000,0.562553,0.043653,0.360309,0.530826,0.054086,0.312411,0.585806,0.032854,0.310000
1.520000,0.562571,0.043712,0.360278,0.530823,0.054158,0.312383,0.585822,0.032964,0.309991
1.530000,0.562583,0.043810,0.360251,0.530839,0.054248,0.312358,0.585840,0.033010,0.309955
1.540000,0.562623,0.043894,0.360215,0.530855,0.054319,0.312335,0.585862,0.033084,0.309920
1.550000,0.562659,0.043992,0.360193,0.530892,0.054432,0.312323,0.585889,0.033160,0.309892
1.560000,0.562697,0.044078,0.360165,0.530923,0.054526,0.312295,0.585915,0.033222,0.309865
1.570000,0.562729,0.044139,0.360136,0.530932,0.054611,0.312252,0.585932,0.033289,0.309824
1.580000,0.562745,0.044236,0.360131,0.530953,0.054679,0.312231,0.585983,0.033339,0.309784
1.590000,0.562765,0.044302,0.360100,0.530971,0.054736,0.312182,0.585990,0.033422,0.309742
1.600000,0.562770,0.044375,0.360080,0.530988,0.054835,0.312132,0.586012,0.033468,0.309732
1.610000,0.562783,0.044423,0.360037,0.531015,0.054901,0.312109,0.586038,0.033533,0.309698
1.620000,0.562802,0.044477,0.360027,0.531026,0.054969,0.312077,0.586051,0.033603,0.309681
1.630000,0.562811,0.044519,0.359994,0.531059,0.055009,0.312046,0.586084,0.033632,0.309651
1.640000,0.562828,0.044564,0.359978,0.531079,0.055081,0.312012,0.586099,0.033703,0.309633
1.650000,0.562847,0.044606,0.359963,0.531117,0.055128,0.311993,0.586108,0.033738,0.309621
1.660000,0.562860,0.044642,0.359957,0.531116,0.055205,0.311997,0.586120,0.033798,0.309622
1.670000,0.562859,0.044768,0.359940,0.531117,0.055240,0.312005,0.586115,0.033839,0.309610
1.680000,0.562852,0.044718,0.359958,0.531103,0.055284,0.312014,0.586109,0.033869,0.309611
1.690000,0.562851,0.044826,0.359941,0.531105,0.055314,0.312015,0.586094,0.033916,0.309619
1.700000,0.562852,0.044848,0.359932,0.531102,0.055360,0.312015,0.586089,0.033946,0.309613
1.710000,0.562848,0.044874,0.359933,0.531098,0.055381,0.312012,0.586092,0.033970,0.309616
1.720000,0.562844,0.044893,0.359934,0.531093,0.055391,0.312001,0.586069,0.033993,0.309606
1.730000,0.562829,0.044915,0.359928,0.531082,0.055420,0.311983,0.586068,0.034017,0.309601
1.740000,0.562825,0.044919,0.359926,0.531077,0.055422,0.311976,0.586076,0.034024,0.309599
1.750000,0.562828,0.044924,0.359925,0.531078,0.055419,0.311967,0.586074,0.034042,0.309593
1.760000,0.562821,0.044935,0.359925,0.531076,0.055414,0.311966,0.586070,0.034028,0.309593
1.770000,0.562813,0.044953,0.359920,0.531078,0.055403,0.311962,0.586072,0.034034,0.309599
1.780000,0.562831,0.044936,0.359928,0.531083,0.055400,0.311966,0.586079,0.034012,0.309593
1.790000,0.562833,0.044942,0.359921,0.531078,0.055408,0.311978,0.586086,0.034030,0.309599
1.800000,0.562835,0.044967,0.359921,0.531083,0.055412,0.311983,0.586079,0.034035,0.309589
1.810000,0.562831,0.044988,0.359933,0.531066,0.055421,0.311991,0.586072,0.034047,0.309610
1.820000,0.562817,0.044989,0.359941,0.531051,0.055415,0.312002,0.586058,0.034067,0.309609
1.830000,0.562813,0.045021,0.359943,0.531035,0.055433,0.312008,0.586055,0.034086,0.309614
1.840000,0.562805,0.045041,0.359954,0.531021,0.055425,0.312008,0.586045,0.034087,0.309611
1.850000,0.562813,0.045053,0.359959,0.531032,0.055462,0.312014,0.586043,0.034124,0.309616
1.860000,0.562821,0.045090,0.359951,0.531033,0.055489,0.312010,0.586060,0.034143,0.309614
1.870000,0.562826,0.045103,0.359944,0.531036,0.055521,0.312001,0.586057,0.034174,0.309614
1.880000,0.562823,0.045150,0.359953,0.531045,0.055560,0.312003,0.586066,0.034217,0.309618
1.890000,0.562825,0.045187,0.359953,0.531043,0.055593,0.312008,0.586073,0.034302,0.309627
1.900000,0.562826,0.045238,0.359953,0.531027,0.055651,0.312018,0.586074,0.034387,0.309644
1.910000,0.562825,0.045271,0.359949,0.531044,0.055710,0.312015,0.586080,0.034449,0.309647
1.920000,0.562833,0.045341,0.359961,0.531041,0.055775,0.312018,0.586092,0.034549,0.309666
1.930000,0.562852,0.045384,0.359945,0.531060,0.055859,0.312028,0.586096,0.034614,0.309654
1.940000,0.562869,0.045478,0.359940,0.531069,0.055955,0.312024,0.586138,0.034790,0.309641
1.950000,0.562923,0.045622,0.359949,0.531086,0.056063,0.312031,0.586159,0.034900,0.309639
1.960000,0.562944,0.045690,0.359957,0.531116,0.056180,0.312031,0.586185,0.035035,0.309646
1.970000,0.562971,0.045798,0.359953,0.531135,0.056317,0.312044,0.586219,0.035261,0.309621
1.980000,0.562994,0.045899,0.359949,0.531170,0.056475,0.312077,0.586238,0.035402,0.309603
1.990000,0.563015,0.046021,0.359949,0.531201,0.056637,0.312092,0.586276,0.035550,0.309597
2.000000,0.563047,0.046167,0.359953,0.531254,0.056871,0.312143,0.586310,0.035776,0.309580
2.010000,0.563074,0.046299,0.359961,0.531277,0.057065,0.312177,0.586340,0.035971,0.309582
2.020000,0.563126,0.046456,0.359969,0.531285,0.057277,0.312194,0.586182,0.035963,0.309726
2.030000,0.563173,0.046604,0.359985,0.531362,0.057518,0.312256,0.586218,0.036167,0.309742
2.040000,0.563217,0.046777,0.360019,0.531405,0.057744,0.312280,0.586265,0.036397,0.309735
2.050000,0.563272,0.046961,0.360028,0.531454,0.058025,0.312333,0.586436,0.036992,0.309574
2.060000,0.563312,0.047176,0.360070,0.531510,0.058286,0.312382,0.586494,0.037293,0.309608
2.070000,0.563374,0.047406,0.360128,0.531572,0.058571,0.312446,0.585952,0.036478,0.309742
2.080000,0.563439,0.047698,0.360207,0.531637,0.058959,0.312496,0.586680,0.037992,0.309747
2.090000,0.563529,0.048071,0.360291,0.531734,0.059341,0.312589,0.586796,0.038336,0.309842
2.100000,0.563620,0.048367,0.360394,0.531872,0.059810,0.312691,0.586936,0.038777,0.309941
2.110000,0.563724,0.048707,0.360497,0.532031,0.060297,0.312806,0.587078,0.039289,0.310008
2.120000,0.563816,0.049077,0.360698,0.532209,0.060842,0.312943,0.586654,0.038731,0.310242
2.130000,0.563941,0.049436,0.360855,0.532391,0.061448,0.313131,0.586821,0.039242,0.310366
2.140000,0.564082,0.049813,0.361059,0.532607,0.062101,0.313370,0.587011,0.039777,0.310537
2.150000,0.564278,0.050306,0.361378,0.532887,0.062760,0.313615,0.587289,0.040523,0.310787
2.160000,0.564474,0.050763,0.361622,0.533259,0.063631,0.313923,0.587799,0.041927,0.311280
2.170000,0.564711,0.051263,0.361926,0.533662,0.064515,0.314273,0.588538,0.043003,0.311306
2.180000,0.565027,0.051838,0.362312,0.534073,0.065394,0.314656,0.588327,0.042854,0.311778
2.190000,0.565354,0.052400,0.362743,0.534592,0.066552,0.315116,0.589251,0.044475,0.312238
2.200000,0.565678,0.052941,0.363163,0.535177,0.067670,0.315620,0.589404,0.045423,0.312899
2.210000,0.566069,0.053637,0.363780,0.535650,0.068934,0.316173,0.589770,0.045852,0.313265
2.220000,0.566393,0.054356,0.364398,0.536274,0.070261,0.316825,0.590494,0.047806,0.314125
2.230000,0.566838,0.055022,0.365065,0.536997,0.071589,0.317549,0.590984,0.048864,0.314782
2.240000,0.567275,0.055735,0.365728,0.537705,0.073087,0.318325,0.591628,0.051266,0.316443
2.250000,0.567703,0.056624,0.366613,0.538499,0.074726,0.319185,0.592274,0.052449,0.317222
2.260000,0.568120,0.057373,0.367439,0.539315,0.076280,0.320138,0.592944,0.053540,0.317992
2.270000,0.568631,0.058221,0.368368,0.540267,0.077968,0.321208,0.593765,0.055209,0.319108
2.280000,0.569204,0.059850,0.369835,0.541150,0.079658,0.322297,0.594487,0.056444,0.320055
2.290000,0.569815,0.060204,0.370494,0.542109,0.081509,0.323453,0.595327,0.058180,0.321330
2.300000,0.570403,0.061047,0.371440,0.543061,0.083435,0.324664,0.596105,0.059638,0.322314
2.310000,0.570950,0.062017,0.372444,0.544107,0.085427,0.326020,0.597003,0.061355,0.323602
2.320000,0.571502,0.062960,0.373522,0.545041,0.087279,0.327271,0.597815,0.062748,0.324603
2.330000,0.572028,0.063908,0.374638,0.546066,0.089321,0.328710,0.598643,0.064677,0.326040
2.340000,0.572590,0.064895,0.375742,0.546964,0.091402,0.330138,0.599392,0.066437,0.327238
2.350000,0.573014,0.066045,0.376976,0.547848,0.093485,0.331688,0.600232,0.068280,0.328611
2.360000,0.573475,0.067104,0.378131,0.548703,0.095542,0.333214,0.601050,0.070091,0.329886
2.370000,0.573911,0.068321,0.379378,0.549676,0.097537,0.334781,0.601836,0.072085,0.331348
2.380000,0.574420,0.069492,0.380527,0.550594,0.099671,0.336402,0.602616,0.073997,0.332668
2.390000,0.574877,0.070736,0.381766,0.551482,0.101888,0.338023,0.603514,0.076004,0.334132
2.400000,0.575399,0.071997,0.382934,0.552419,0.103968,0.339716,0.604430,0.078109,0.335555
2.410000,0.575913,0.073243,0.384150,0.553356,0.106265,0.341388,0.605227,0.080117,0.336964
2.420000,0.576452,0.074592,0.385370,0.554258,0.108375,0.343098,0.606048,0.082474,0.338562
2.430000,0.576969,0.075908,0.386621,0.555187,0.110686,0.344882,0.606910,0.084512,0.339957
2.440000,0.577490,0.077240,0.387863,0.556121,0.112858,0.346682,0.607878,0.086802,0.341584
2.450000,0.578078,0.078566,0.389080,0.556957,0.115167,0.348504,0.608775,0.089112,0.343206
2.460000,0.578613,0.079733,0.390116,0.557862,0.117322,0.350383,0.609603,0.091408,0.344833
2.470000,0.579077,0.081029,0.391361,0.558673,0.119557,0.352332,0.610465,0.093888,0.346650
2.480000,0.579642,0.082467,0.392710,0.559451,0.121853,0.354271,0.611206,0.095913,0.348169
2.490000,0.580123,0.083739,0.393972,0.560261,0.123975,0.356268,0.612081,0.098338,0.350037
2.500000,0.580516,0.085188,0.395422,0.561042,0.126081,0.358269,0.612839,0.100358,0.351687
2.510000,0.581026,0.086457,0.396715,0.561736,0.128157,0.360335,0.613639,0.102560,0.353557
2.520000,0.581393,0.087899,0.398144,0.562448,0.130255,0.362495,0.614443,0.104938,0.355573
2.530000,0.581779,0.089200,0.399637,0.563262,0.132278,0.364627,0.615122,0.107031,0.357366
2.540000,0.582227,0.090443,0.401060,0.563888,0.134247,0.366901,0.615896,0.109289,0.359573
2.550000,0.582568,0.091642,0.402560,0.564644,0.136201,0.369076,0.616692,0.111335,0.361615
2.560000,0.582970,0.092711,0.403990,0.565328,0.138051,0.371391,0.617379,0.113228,0.363588
2.570000,0.583269,0.093949,0.405631,0.565896,0.139862,0.373762,0.618028,0.115367,0.365917
2.580000,0.583618,0.094850,0.407140,0.566467,0.141550,0.376201,0.618627,0.117268,0.368150
2.590000,0.583786,0.095938,0.408826,0.566759,0.143192,0.378747,0.619219,0.119227,0.370493
2.600000,0.583891,0.097019,0.410500,0.567305,0.144984,0.381175,0.619722,0.120968,0.372851
2.610000,0.584022,0.097889,0.412139,0.567696,0.146443,0.383775,0.620267,0.122809,0.375378
2.620000,0.584108,0.098768,0.413920,0.568051,0.148053,0.386436,0.620705,0.124557,0.377977
2.630000,0.584334,0.099646,0.415583,0.568399,0.149388,0.389105,0.621182,0.126118,0.380546
2.640000,0.584278,0.100191,0.417321,0.568682,0.150788,0.391802,0.621645,0.127694,0.383234
2.650000,0.584441,0.101029,0.419109,0.568948,0.151869,0.394552,0.622021,0.129028,0.385808
2.660000,0.584471,0.101629,0.420904,0.569221,0.152971,0.397341,0.622482,0.130503,0.388565
2.670000,0.584496,0.102095,0.422690,0.569797,0.153856,0.400113,0.622794,0.131562,0.391247
2.680000,0.584424,0.102534,0.424525,0.570069,0.154751,0.403030,0.623088,0.132850,0.394150
2.690000,0.584290,0.102811,0.426373,0.570289,0.155700,0.405916,0.622763,0.134648,0.397861
2.700000,0.584162,0.103119,0.428180,0.570402,0.156462,0.408876,0.622991,0.135789,0.400835
2.710000,0.583950,0.103435,0.430064,0.570458,0.157111,0.411865,0.623082,0.136649,0.403724
2.720000,0.583705,0.103627,0.431923,0.570469,0.157751,0.414775,0.623218,0.137380,0.406489
2.730000,0.583443,0.103772,0.433680,0.570487,0.158325,0.417710,0.623339,0.138181,0.409378
2.740000,0.583212,0.103924,0.435537,0.570500,0.158736,0.420619,0.623322,0.138845,0.412300
2.750000,0.582970,0.103960,0.437299,0.570482,0.159104,0.423545,0.623446,0.139495,0.415175
2.760000,0.582769,0.103980,0.439086,0.570386,0.159487,0.426466,0.623423,0.140064,0.418032
2.770000,0.582337,0.104389,0.440799,0.570368,0.159790,0.429312,0.623443,0.140569,0.420794
2.780000,0.582078,0.104301,0.442565,0.570235,0.160037,0.432232,0.623460,0.141224,0.423700
2.790000,0.581870,0.104255,0.444276,0.570088,0.160195,0.435155,0.623916,0.139846,0.424630
2.800000,0.581577,0.104102,0.446048,0.569876,0.160360,0.437999,0.623788,0.140216,0.427372
2.810000,0.581311,0.103969,0.447705,0.569721,0.160387,0.440795,0.623727,0.140823,0.430297
2.820000,0.581043,0.103848,0.449441,0.569487,0.160379,0.443548,0.623588,0.140986,0.432901
2.830000,0.580724,0.103660,0.451046,0.569245,0.160440,0.446297,0.623378,0.141291,0.435486
2.840000,0.580523,0.103427,0.452644,0.568979,0.160362,0.448909,0.623327,0.142366,0.438329
2.850000,0.580040,0.103027,0.454148,0.568744,0.160338,0.451476,0.623079,0.141905,0.440786
2.860000,0.579787,0.102849,0.455721,0.568417,0.160424,0.453996,0.622892,0.142111,0.443312
2.870000,0.579510,0.102849,0.457232,0.568143,0.160398,0.456445,0.622763,0.143068,0.445956
2.880000,0.579269,0.102697,0.458684,0.567947,0.160258,0.458732,0.622490,0.142506,0.448163
2.890000,0.579046,0.102616,0.460182,0.567731,0.160204,0.460991,0.622425,0.143443,0.450666
2.900000,0.578877,0.102591,0.461572,0.567587,0.160121,0.463170,0.622263,0.143815,0.453021
2.910000,0.578584,0.103094,0.462898,0.567418,0.160160,0.465362,0.622116,0.144221,0.455369
2.920000,0.578479,0.103092,0.464186,0.567278,0.160216,0.467421,0.624383,0.142409,0.455556
2.930000,0.578398,0.103179,0.465581,0.567229,0.160084,0.469426,0.624433,0.142464,0.457563
2.940000,0.578265,0.103293,0.466905,0.567110,0.160115,0.471335,0.624612,0.142441,0.459513
2.950000,0.578144,0.103489,0.468204,0.566975,0.160226,0.473193,0.621999,0.144891,0.463605
2.960000,0.578177,0.103422,0.469459,0.566893,0.160240,0.475009,0.621957,0.145119,0.465591
2.970000,0.578107,0.103487,0.470641,0.566801,0.160259,0.476760,0.621880,0.145218,0.467381
2.980000,0.578085,0.103513,0.471905,0.566752,0.160251,0.478453,0.621794,0.145436,0.469245
2.990000,0.577989,0.103680,0.473125,0.566639,0.160346,0.480125,0.621814,0.145467,0.470879
3.000000,0.577873,0.103850,0.474333,0.566584,0.160339,0.481699,0.621857,0.145550,0.472553
3.010000,0.577907,0.103826,0.475469,0.566536,0.160345,0.483264,0.621880,0.145700,0.474205
3.020000,0.577870,0.103903,0.476597,0.566499,0.160312,0.484743,0.621840,0.145686,0.475688
3.030000,0.577025,0.105126,0.477473,0.566456,0.160172,0.486209,0.621771,0.145727,0.477154
3.040000,0.576896,0.105154,0.478531,0.566390,0.160047,0.487562,0.621711,0.145671,0.478565
3.050000,0.577554,0.103729,0.479660,0.566273,0.159844,0.488916,0.621596,0.145474,0.479835
3.060000,0.576545,0.104777,0.480342,0.566064,0.159657,0.490130,0.621484,0.145138,0.481062
3.070000,0.576278,0.104582,0.481110,0.565912,0.159209,0.491333,0.621321,0.144718,0.482189
3.080000,0.575866,0.104380,0.481836,0.565739,0.158815,0.492430,0.621077,0.144322,0.483341
3.090000,0.575527,0.103954,0.482466,0.565455,0.158337,0.493408,0.620787,0.143830,0.484461
3.100000,0.575250,0.103411,0.483036,0.565206,0.157778,0.494351,0.620515,0.143201,0.485353
3.110000,0.574474,0.103484,0.483708,0.564889,0.157280,0.495219,0.620277,0.142451,0.486191
3.120000,0.574186,0.102756,0.484061,0.564636,0.156601,0.495973,0.619989,0.141774,0.487036
3.130000,0.573813,0.102058,0.484479,0.564396,0.155862,0.496663,0.619682,0.141049,0.487743
3.140000,0.573384,0.101475,0.484792,0.564142,0.155205,0.497270,0.619402,0.140295,0.488348
3.150000,0.573014,0.100931,0.485084,0.563915,0.154484,0.497864,0.619162,0.139469,0.488828
3.160000,0.572796,0.100176,0.485389,0.563744,0.153688,0.498376,0.618963,0.138657,0.489175
3.170000,0.572443,0.099582,0.485620,0.563529,0.153022,0.498838,0.618765,0.137866,0.489497
3.180000,0.572163,0.098857,0.485761,0.563389,0.152311,0.499181,0.618569,0.137104,0.489809
3.190000,0.571839,0.098330,0.485876,0.563234,0.151600,0.499456,0.618320,0.136323,0.489977
3.200000,0.571513,0.097738,0.485997,0.563011,0.150864,0.499642,0.618055,0.135611,0.490098
3.210000,0.571222,0.097027,0.486031,0.562773,0.150230,0.499738,0.617747,0.134947,0.490232
3.220000,0.570840,0.096389,0.485983,0.562519,0.149736,0.499763,0.617482,0.134322,0.490330
3.230000,0.570498,0.095958,0.485921,0.562255,0.149279,0.499690,0.617236,0.133762,0.490293
3.240000,0.570184,0.095691,0.485861,0.562009,0.148897,0.499555,0.617002,0.133252,0.490136
3.250000,0.570069,0.095215,0.485731,0.561858,0.148551,0.499336,0.616830,0.132843,0.489885
3.260000,0.569935,0.094894,0.485660,0.561742,0.148268,0.499073,0.616683,0.132522,0.489532
3.270000,0.569836,0.094637,0.485511,0.561657,0.148060,0.498753,0.616560,0.132371,0.489214
3.280000,0.569731,0.094497,0.485360,0.561592,0.147915,0.498402,0.616485,0.132228,0.488801
3.290000,0.569604,0.094436,0.485165,0.561553,0.147787,0.497978,0.616414,0.132116,0.488329
3.300000,0.569634,0.094254,0.484905,0.561525,0.147785,0.497513,0.616367,0.132123,0.487819
3.310000,0.569605,0.094272,0.484630,0.561509,0.147871,0.496999,0.616333,0.132126,0.487190
3.320000,0.569597,0.094432,0.484314,0.561461,0.148066,0.496410,0.616281,0.132328,0.486595
3.330000,0.569552,0.094658,0.483926,0.561415,0.148270,0.495752,0.616228,0.132646,0.485972
3.340000,0.569721,0.094625,0.483483,0.561387,0.148539,0.495045,0.616169,0.133018,0.485328
3.350000,0.569926,0.094677,0.483018,0.561373,0.148849,0.494338,0.616181,0.133341,0.484465
3.360000,0.570037,0.094960,0.482595,0.561412,0.149248,0.493616,0.616187,0.133783,0.483678
3.370000,0.570139,0.095336,0.482156,0.561537,0.149596,0.492829,0.616263,0.134257,0.482858
3.380000,0.570333,0.095730,0.481714,0.561623,0.150112,0.492002,0.616386,0.134752,0.481854
3.390000,0.570540,0.096287,0.481194,0.561708,0.150698,0.491157,0.616504,0.135383,0.480811
3.400000,0.571406,0.095623,0.480842,0.561836,0.151255,0.490219,0.616600,0.136032,0.479782
3.410000,0.571825,0.095865,0.480142,0.561919,0.151911,0.489257,0.616662,0.136761,0.478643
3.420000,0.572009,0.096475,0.479565,0.562051,0.152504,0.488296,0.618903,0.135085,0.475673
3.430000,0.572190,0.097306,0.479031,0.562107,0.153171,0.487365,0.616833,0.138244,0.476579
3.440000,0.572393,0.097925,0.478490,0.562141,0.153892,0.486388,0.619104,0.136483,0.473486
3.450000,0.572600,0.098574,0.477921,0.562273,0.154542,0.485430,0.619245,0.137189,0.472464
3.460000,0.573223,0.098843,0.477166,0.562386,0.155263,0.484426,0.619245,0.138097,0.471403
3.470000,0.573552,0.099495,0.476595,0.562611,0.156004,0.483367,0.619518,0.138834,0.470136
3.480000,0.573853,0.100341,0.475982,0.562789,0.156808,0.482313,0.619682,0.139721,0.468940
3.490000,0.574295,0.101156,0.475382,0.562997,0.157677,0.481172,0.619957,0.140628,0.467555
3.500000,0.574657,0.102088,0.474797,0.563263,0.158569,0.480013,0.620112,0.141542,0.466263
3.510000,0.575310,0.102616,0.474038,0.563513,0.159451,0.478820,0.618191,0.145042,0.466741
3.520000,0.576138,0.102862,0.473491,0.563699,0.160378,0.477589,0.618448,0.145923,0.465349
3.530000,0.576447,0.103731,0.472863,0.563810,0.161309,0.476405,0.618694,0.146661,0.463925
3.540000,0.576780,0.104685,0.472172,0.563954,0.162123,0.475125,0.618886,0.147520,0.462574
3.550000,0.577129,0.105481,0.471464,0.564008,0.163074,0.473923,0.619004,0.148343,0.461173
3.560000,0.577449,0.106429,0.470894,0.564038,0.163924,0.472636,0.618998,0.148681,0.459851
3.570000,0.577990,0.107452,0.470181,0.564100,0.164770,0.471329,0.619131,0.150118,0.458478
3.580000,0.578275,0.108467,0.469523,0.564183,0.165549,0.470036,0.619103,0.150388,0.457010
3.590000,0.578659,0.109354,0.468898,0.564216,0.166380,0.468713,0.619142,0.151281,0.455543
3.600000,0.579083,0.110265,0.468162,0.564287,0.167256,0.467360,0.619225,0.152144,0.454025
3.610000,0.579370,0.111331,0.467522,0.564398,0.167995,0.466091,0.619256,0.153049,0.452496
3.620000,0.579731,0.112180,0.466835,0.564384,0.168852,0.464734,0.619251,0.153790,0.450888
3.630000,0.580000,0.113198,0.466097,0.564346,0.169625,0.463295,0.618921,0.154521,0.449166
3.640000,0.580337,0.114023,0.465297,0.564335,0.170286,0.461857,0.618875,0.155207,0.447537
3.650000,0.580618,0.114952,0.464435,0.564246,0.171042,0.460322,0.618846,0.156052,0.445885
3.660000,0.581016,0.116308,0.463610,0.564167,0.171740,0.458707,0.618766,0.156814,0.444100
3.670000,0.581254,0.117261,0.462707,0.564137,0.172367,0.457053,0.618869,0.158182,0.442404
3.680000,0.581536,0.118230,0.461686,0.564014,0.173198,0.455347,0.618573,0.158145,0.440379
3.690000,0.581787,0.119064,0.460664,0.563991,0.173730,0.453570,0.618636,0.159508,0.438605
3.700000,0.582049,0.120003,0.459637,0.563659,0.174545,0.451784,0.618598,0.160719,0.437225
3.710000,0.582256,0.120852,0.458479,0.563506,0.175159,0.449934,0.618356,0.160706,0.434731
3.720000,0.582474,0.121730,0.457335,0.563392,0.175702,0.448029,0.618191,0.161289,0.432680
3.730000,0.582831,0.122345,0.456343,0.563179,0.176208,0.446057,0.618005,0.161831,0.430636
3.740000,0.582970,0.123166,0.455031,0.562960,0.176747,0.444042,0.617800,0.162359,0.428532
3.750000,0.583162,0.123992,0.453793,0.562704,0.177265,0.441966,0.617520,0.162813,0.426432
3.760000,0.583314,0.124774,0.452429,0.562479,0.177660,0.439873,0.617273,0.163194,0.424187
3.770000,0.583443,0.125610,0.451147,0.562244,0.178078,0.437741,0.616872,0.162982,0.421528
3.780000,0.583585,0.126419,0.449724,0.561938,0.178464,0.435552,0.616508,0.163146,0.419107
3.790000,0.583773,0.127025,0.448254,0.561629,0.178752,0.433272,0.615938,0.163117,0.416361
3.800000,0.583865,0.127957,0.446820,0.561334,0.179064,0.430870,0.615561,0.163209,0.413843
3.810000,0.584023,0.128616,0.445211,0.561014,0.179378,0.428463,0.615254,0.163296,0.411340
3.820000,0.584191,0.129348,0.443663,0.560733,0.179459,0.425961,0.614873,0.163495,0.408763
3.830000,0.584296,0.130063,0.442042,0.560357,0.179652,0.423487,0.614546,0.163617,0.406189
3.840000,0.584424,0.130652,0.440385,0.559997,0.179680,0.420935,0.614318,0.163688,0.403715
3.850000,0.584504,0.131236,0.438676,0.559564,0.179745,0.418378,0.613660,0.163510,0.400910
3.860000,0.584477,0.131770,0.436944,0.559118,0.179712,0.415762,0.613441,0.163537,0.398486
3.870000,0.584365,0.132323,0.435428,0.558617,0.179498,0.413064,0.612947,0.163905,0.396321
3.880000,0.584550,0.132755,0.433368,0.558105,0.179200,0.410318,0.612434,0.163700,0.393613
3.890000,0.584324,0.133240,0.431832,0.557543,0.178855,0.407521,0.611932,0.163249,0.390934
3.900000,0.584243,0.133479,0.429933,0.557041,0.178313,0.404691,0.611641,0.163367,0.388629
3.910000,0.584176,0.133720,0.427890,0.556549,0.177837,0.401843,0.611164,0.162698,0.385844
3.920000,0.584111,0.133974,0.426015,0.556101,0.177110,0.398936,0.610700,0.162008,0.383018
3.930000,0.584188,0.133997,0.423894,0.555643,0.176353,0.395934,0.610338,0.161111,0.380134
3.940000,0.584283,0.134077,0.421713,0.555236,0.175653,0.392907,0.609945,0.160221,0.377243
3.950000,0.584300,0.134045,0.419503,0.554911,0.174649,0.389817,0.609583,0.159197,0.374305
3.960000,0.584314,0.133954,0.417310,0.554531,0.173672,0.386737,0.609248,0.158005,0.371354
3.970000,0.584368,0.133684,0.415040,0.554146,0.172528,0.383730,0.608893,0.156801,0.368492
3.980000,0.584488,0.133366,0.412851,0.553826,0.171267,0.380778,0.608579,0.155477,0.365738
3.990000,0.584382,0.133102,0.410745,0.553392,0.169887,0.377818,0.608189,0.154079,0.363033
4.000000,0.584244,0.132591,0.408548,0.552977,0.168506,0.374943,0.607768,0.152621,0.360335
4.010000,0.584124,0.132091,0.406395,0.552467,0.166977,0.372006,0.607362,0.151028,0.357728
4.020000,0.583939,0.131840,0.404541,0.552012,0.165357,0.369131,0.606932,0.149337,0.355039
4.030000,0.583677,0.131137,0.402305,0.551522,0.163636,0.366179,0.606594,0.147784,0.352489
4.040000,0.583553,0.130331,0.400075,0.551041,0.161868,0.363377,0.605903,0.145201,0.349558
4.050000,0.583455,0.129460,0.397978,0.550665,0.160015,0.360636,0.605742,0.143980,0.347356
4.060000,0.583200,0.128482,0.395790,0.550263,0.158110,0.357898,0.605312,0.141994,0.344881
4.070000,0.582953,0.127796,0.394014,0.549757,0.156056,0.355317,0.604972,0.139970,0.342492
4.080000,0.582723,0.126658,0.391941,0.549372,0.153930,0.352683,0.604545,0.137783,0.340162
4.090000,0.582361,0.125361,0.389828,0.548860,0.151884,0.350157,0.604115,0.135679,0.337877
4.100000,0.582104,0.123967,0.387754,0.548422,0.149590,0.347609,0.603771,0.133436,0.335678
4.110000,0.581697,0.122426,0.385719,0.547969,0.147278,0.345080,0.603327,0.131019,0.333478
4.120000,0.581331,0.120903,0.383644,0.547492,0.145006,0.342641,0.602910,0.128709,0.331394
4.130000,0.580861,0.119143,0.381612,0.547073,0.142679,0.340370,0.602431,0.126130,0.329358
4.140000,0.580445,0.117432,0.379861,0.546542,0.140225,0.338171,0.601971,0.123716,0.327491
4.150000,0.579883,0.115601,0.378149,0.546006,0.137707,0.336121,0.601398,0.121004,0.325710
4.160000,0.579350,0.113737,0.376643,0.545370,0.135284,0.334280,0.600865,0.118550,0.324156
4.170000,0.578686,0.111800,0.375162,0.544726,0.132761,0.332517,0.600217,0.115944,0.322660
4.180000,0.578067,0.109871,0.373811,0.544045,0.130275,0.330968,0.599582,0.113285,0.321276
4.190000,0.577365,0.107898,0.372436,0.543324,0.127675,0.329367,0.598899,0.110707,0.319954
4.200000,0.576625,0.105971,0.371339,0.542584,0.125216,0.327976,0.598105,0.108166,0.318783
4.210000,0.575851,0.103920,0.370286,0.541747,0.122760,0.326651,0.597323,0.105691,0.317700
4.220000,0.575127,0.101981,0.369264,0.540939,0.120305,0.325562,0.596459,0.103193,0.316708
4.230000,0.574261,0.099970,0.368434,0.540036,0.117955,0.324582,0.595684,0.100842,0.315959
4.240000,0.573432,0.098147,0.367707,0.539179,0.115496,0.323624,0.594804,0.098433,0.315149
4.250000,0.572626,0.096201,0.366927,0.538281,0.113202,0.322828,0.593958,0.096224,0.314476
4.260000,0.571828,0.094238,0.366286,0.537479,0.110854,0.322042,0.593113,0.093715,0.313799
4.270000,0.571021,0.092390,0.365732,0.536656,0.108639,0.321331,0.592332,0.091508,0.313262
4.280000,0.570249,0.090651,0.365241,0.535912,0.106480,0.320663,0.591559,0.089189,0.312687
4.290000,0.569543,0.088702,0.364623,0.535162,0.104365,0.320019,0.590876,0.087050,0.312247
4.300000,0.568905,0.086937,0.364127,0.534573,0.102264,0.319497,0.590210,0.084905,0.311776
4.310000,0.568309,0.085346,0.363766,0.533952,0.100260,0.318954,0.589594,0.082832,0.311407
4.320000,0.567653,0.083698,0.363379,0.533379,0.098370,0.318502,0.589382,0.081067,0.310805
4.330000,0.567059,0.082136,0.363111,0.532839,0.096662,0.318083,0.588391,0.078959,0.310805
4.340000,0.566472,0.080665,0.362863,0.532227,0.094784,0.317686,0.587903,0.077215,0.310601
4.350000,0.565920,0.079093,0.362591,0.531767,0.093148,0.317346,0.587470,0.075525,0.310414
4.360000,0.565456,0.077737,0.362335,0.531331,0.091578,0.317042,0.587005,0.073726,0.310302
4.370000,0.564956,0.076378,0.362199,0.530965,0.089957,0.316748,0.586686,0.072267,0.310238
4.380000,0.564640,0.075127,0.362084,0.530681,0.088413,0.316458,0.586820,0.070989,0.309909
4.390000,0.564300,0.073852,0.361936,0.530521,0.087013,0.316219,0.586264,0.069276,0.310182
4.400000,0.564111,0.072670,0.361876,0.530437,0.085738,0.315995,0.586144,0.067816,0.310107
4.410000,0.563974,0.071611,0.361758,0.530394,0.084376,0.315772,0.586485,0.066753,0.309810
4.420000,0.563863,0.070591,0.361655,0.530341,0.083246,0.315613,0.586031,0.065193,0.310033
4.430000,0.563753,0.069546,0.361597,0.530283,0.082152,0.315389,0.586008,0.063933,0.310045
4.440000,0.563663,0.068660,0.361539,0.530291,0.081000,0.315199,0.586400,0.063095,0.309749
4.450000,0.563582,0.067842,0.361517,0.530251,0.080026,0.315065,0.586407,0.062009,0.309759
4.460000,0.563446,0.067134,0.361480,0.530254,0.078964,0.314918,0.586000,0.060801,0.310019
4.470000,0.563324,0.066442,0.361423,0.530250,0.078065,0.314754,0.586026,0.059999,0.310052
4.480000,0.563267,0.065668,0.361331,0.530259,0.077192,0.314590,0.586049,0.059164,0.310060
4.490000,0.563248,0.065048,0.361268,0.530313,0.076383,0.314435,0.585892,0.057626,0.309863
4.500000,0.563307,0.064396,0.361218,0.530370,0.075591,0.314278,0.586151,0.057502,0.310114
4.510000,0.563402,0.063846,0.361169,0.530482,0.074905,0.314187,0.586300,0.056774,0.310112
4.520000,0.563487,0.063379,0.361161,0.530643,0.074280,0.314087,0.586463,0.056011,0.310121
4.530000,0.563592,0.062913,0.361152,0.530827,0.073664,0.314034,0.586622,0.055376,0.310170
4.540000,0.563639,0.062479,0.361151,0.530941,0.073065,0.313978,0.586779,0.054796,0.310220
4.550000,0.563713,0.061999,0.361113,0.531062,0.072502,0.313898,0.586877,0.054323,0.310251
4.560000,0.563752,0.061676,0.361129,0.531143,0.072033,0.313879,0.586944,0.053926,0.310296
4.570000,0.563763,0.061347,0.361190,0.531174,0.071676,0.313873,0.587357,0.053707,0.310117
4.580000,0.563779,0.061020,0.361188,0.531211,0.071317,0.313864,0.587414,0.053354,0.310184
4.590000,0.563798,0.060796,0.361228,0.531268,0.070962,0.313861,0.587476,0.053053,0.310271
4.600000,0.563874,0.060560,0.361272,0.531393,0.070544,0.313877,0.587598,0.052735,0.310368
4.610000,0.563979,0.060348,0.361293,0.531506,0.070265,0.313857,0.587717,0.052301,0.310399
4.620000,0.564140,0.060041,0.361306,0.531667,0.070000,0.313824,0.587865,0.051948,0.310446
4.630000,0.564262,0.059827,0.361295,0.531811,0.069750,0.313771,0.588013,0.051637,0.310463
4.640000,0.564364,0.059629,0.361292,0.531987,0.069470,0.313749,0.588165,0.051357,0.310480
4.650000,0.564438,0.059453,0.361309,0.532097,0.069249,0.313724,0.588270,0.051092,0.310509
4.660000,0.564513,0.059260,0.361318,0.532200,0.068997,0.313704,0.588346,0.050901,0.310557
4.670000,0.564556,0.059082,0.361342,0.532274,0.068770,0.313696,0.588433,0.050690,0.310620
4.680000,0.564592,0.058923,0.361378,0.532342,0.068591,0.313704,0.588505,0.050498,0.310668
4.690000,0.564617,0.058765,0.361400,0.532426,0.068421,0.313696,0.588572,0.050335,0.310702
4.700000,0.564659,0.058582,0.361399,0.532511,0.068223,0.313657,0.588670,0.050094,0.310732
4.710000,0.564714,0.058428,0.361384,0.532618,0.068014,0.313593,0.588399,0.049589,0.311016
4.720000,0.564763,0.058201,0.361326,0.532725,0.067796,0.313513,0.588490,0.049329,0.311044
4.730000,0.564811,0.057985,0.361282,0.532830,0.067570,0.313425,0.588601,0.048990,0.311013
4.740000,0.564815,0.057650,0.361192,0.532905,0.067325,0.313305,0.588665,0.048690,0.310987
4.750000,0.564812,0.057388,0.361115,0.532963,0.067088,0.313203,0.588708,0.048431,0.310965
4.760000,0.564784,0.057070,0.361050,0.532964,0.066798,0.313102,0.588727,0.048149,0.310943
4.770000,0.564744,0.056820,0.360986,0.532968,0.066528,0.313006,0.588727,0.047858,0.310862
4.780000,0.564685,0.056522,0.360900,0.532955,0.066217,0.312902,0.588484,0.046741,0.310581
4.790000,0.564615,0.056217,0.360827,0.532936,0.065884,0.312754,0.589062,0.047361,0.310495
4.800000,0.564557,0.055846,0.360724,0.532925,0.065485,0.312578,0.589037,0.046981,0.310426
4.810000,0.564473,0.055471,0.360611,0.532894,0.065123,0.312442,0.588991,0.046475,0.310355
4.820000,0.564386,0.055000,0.360464,0.532850,0.064723,0.312282,0.588964,0.046038,0.310262
4.830000,0.564284,0.054598,0.360355,0.532790,0.064314,0.312134,0.588862,0.045562,0.310145
4.840000,0.564170,0.054196,0.360235,0.532706,0.063924,0.312000,0.588746,0.045107,0.310021
4.850000,0.564017,0.053782,0.360154,0.532572,0.063491,0.311853,0.588623,0.044652,0.309911
4.860000,0.563860,0.053375,0.360039,0.532453,0.063006,0.311720,0.587864,0.043166,0.309829
4.870000,0.563678,0.052988,0.359942,0.532322,0.062595,0.311616,0.587718,0.042727,0.309762
4.880000,0.563484,0.052486,0.359766,0.532187,0.062150,0.311487,0.587570,0.042257,0.309679
4.890000,0.563340,0.052028,0.359624,0.532054,0.061723,0.311361,0.587993,0.042651,0.309603
4.900000,0.563159,0.051531,0.359515,0.531932,0.061255,0.311172,0.587847,0.042150,0.309486
4.910000,0.563005,0.051153,0.359401,0.531811,0.060774,0.310992,0.587715,0.041699,0.309391
4.920000,0.562825,0.050734,0.359258,0.531687,0.060393,0.310817,0.587186,0.040971,0.309551
4.930000,0.562688,0.050300,0.359116,0.531549,0.060046,0.310691,0.587031,0.040524,0.309454
4.940000,0.562515,0.049929,0.358999,0.531400,0.059647,0.310561,0.586605,0.039242,0.309067
4.950000,0.562307,0.049532,0.358887,0.531220,0.059232,0.310433,0.586433,0.038849,0.308956
4.960000,0.562113,0.049181,0.358760,0.531014,0.058771,0.310286,0.586212,0.038429,0.308819
4.970000,0.561894,0.048832,0.358633,0.530816,0.058418,0.310171,0.586212,0.038687,0.308875
4.980000,0.561693,0.048380,0.358474,0.530605,0.058081,0.309992,0.585987,0.038227,0.308720
4.990000,0.561490,0.048021,0.358300,0.530416,0.057770,0.309833,0.586195,0.038107,0.308341
5.000000,0.561320,0.047734,0.358147,0.530245,0.057484,0.309682,0.586029,0.037802,0.308204
5.010000,0.561178,0.047470,0.358008,0.530122,0.057186,0.309482,0.585883,0.037484,0.308050
5.020000,0.561040,0.047195,0.357867,0.529983,0.056915,0.309326,0.585750,0.037212,0.307920
5.030000,0.560910,0.046898,0.357698,0.529858,0.056695,0.309189,0.585617,0.036910,0.307758
5.040000,0.560748,0.046678,0.357574,0.529722,0.056462,0.309042,0.585485,0.036679,0.307625
5.050000,0.560606,0.046386,0.357415,0.529597,0.056274,0.308935,0.585338,0.036491,0.307509
5.060000,0.560470,0.046209,0.357296,0.529436,0.056077,0.308804,0.585124,0.036303,0.307350
5.070000,0.560350,0.046046,0.357157,0.529274,0.055901,0.308662,0.584964,0.036103,0.307259
5.080000,0.560230,0.045905,0.357047,0.529148,0.055814,0.308553,0.584831,0.035850,0.307164
5.090000,0.560119,0.045799,0.356900,0.529025,0.055692,0.308402,0.584721,0.035739,0.307039
5.100000,0.560036,0.045695,0.356761,0.528936,0.055592,0.308282,0.584611,0.035581,0.306874
5.110000,0.559968,0.045605,0.356612,0.528824,0.055545,0.308142,0.584444,0.035376,0.306699
5.120000,0.559874,0.045538,0.356478,0.528724,0.055489,0.308029,0.583979,0.035053,0.306797
5.130000,0.559751,0.045463,0.356368,0.528629,0.055439,0.307916,0.583854,0.035000,0.306662
5.140000,0.559651,0.045447,0.356263,0.528547,0.055411,0.307828,0.583741,0.035054,0.306586
5.150000,0.559570,0.045393,0.356149,0.528467,0.055391,0.307726,0.583649,0.035043,0.306481
5.160000,0.559493,0.045378,0.356054,0.528403,0.055348,0.307623,0.583563,0.035043,0.306391
5.170000,0.559435,0.045380,0.355950,0.528359,0.055369,0.307534,0.583507,0.035047,0.306298
5.180000,0.559381,0.045398,0.355853,0.528323,0.055369,0.307415,0.583470,0.035053,0.306196
5.190000,0.559350,0.045447,0.355739,0.528291,0.055399,0.307327,0.583797,0.035339,0.305838
5.200000,0.559324,0.045453,0.355650,0.528270,0.055411,0.307243,0.583759,0.035354,0.305759
5.210000,0.559291,0.045468,0.355587,0.528241,0.055449,0.307160,0.583721,0.035385,0.305694
5.220000,0.559253,0.045491,0.355518,0.528202,0.055520,0.307107,0.583313,0.035122,0.305866
5.230000,0.559213,0.045537,0.355474,0.528131,0.055585,0.307042,0.583276,0.035192,0.305818
