Time,org_x,org_y,org_z,xvec_x,xvec_y,xvec_z,zvec_x,zvec_y,zvec_z
0.000000,0.165185,0.048267,0.577622,0.202083,0.014756,0.602666,0.156397,-0.008175,0.570919
0.010000,0.165194,0.048248,0.577625,0.202095,0.014735,0.602672,0.156400,-0.008192,0.570918
0.020000,0.165205,0.048201,0.577632,0.202098,0.014703,0.602674,0.156402,-0.008232,0.570911
0.030000,0.165205,0.048193,0.577636,0.202104,0.014656,0.602675,0.156406,-0.008286,0.570901
0.040000,0.165210,0.048163,0.577639,0.202106,0.014621,0.602671,0.156393,-0.008276,0.570908
0.050000,0.165227,0.048112,0.577634,0.202125,0.014575,0.602675,0.156438,-0.008376,0.570900
0.060000,0.165094,0.048584,0.577607,0.202142,0.014539,0.602684,0.156430,-0.008376,0.570903
0.070000,0.165103,0.048577,0.577617,0.202147,0.014515,0.602684,0.156449,-0.008397,0.570912
0.080000,0.165118,0.048556,0.577620,0.202158,0.014494,0.602694,0.156444,-0.008399,0.570909
0.090000,0.165116,0.048525,0.577620,0.202164,0.014474,0.602699,0.156448,-0.008436,0.570915
0.100000,0.165127,0.048518,0.577624,0.202152,0.014457,0.602704,0.156431,-0.008415,0.570923
0.110000,0.165124,0.048482,0.577628,0.202153,0.014427,0.602710,0.156434,-0.008438,0.570913
0.120000,0.165125,0.048487,0.577630,0.202154,0.014409,0.602712,0.156453,-0.008501,0.570908
0.130000,0.165129,0.048483,0.577640,0.202158,0.014402,0.602719,0.156443,-0.008508,0.570919
0.140000,0.165141,0.048447,0.577649,0.202164,0.014368,0.602724,0.156469,-0.008537,0.570918
0.150000,0.165149,0.048436,0.577649,0.202158,0.014373,0.602728,0.156461,-0.008547,0.570928
0.160000,0.165143,0.048430,0.577656,0.202164,0.014349,0.602725,0.156461,-0.008544,0.570913
0.170000,0.165149,0.048408,0.577648,0.202167,0.014329,0.602726,0.156449,-0.008548,0.570924
0.180000,0.165147,0.048412,0.577661,0.202167,0.014318,0.602739,0.156463,-0.008593,0.570913
0.190000,0.165135,0.048388,0.577663,0.202157,0.014302,0.602745,0.156438,-0.008587,0.570924
0.200000,0.165129,0.048382,0.577664,0.202146,0.014310,0.602761,0.156433,-0.008605,0.570928
0.210000,0.165114,0.048386,0.577676,0.202121,0.014287,0.602777,0.156430,-0.008604,0.570931
0.220000,0.165104,0.048383,0.577681,0.202099,0.014286,0.602773,0.156423,-0.008631,0.570911
0.230000,0.165091,0.048366,0.577663,0.202085,0.014288,0.602778,0.156383,-0.008602,0.570925
0.240000,0.165096,0.048374,0.577669,0.202080,0.014267,0.602773,0.156391,-0.008631,0.570906
0.250000,0.165087,0.048364,0.577662,0.202083,0.014262,0.602769,0.156378,-0.008597,0.570907
0.260000,0.165082,0.048365,0.577667,0.202079,0.014254,0.602758,0.156370,-0.008608,0.570904
0.270000,0.165079,0.048350,0.577662,0.202079,0.014246,0.602761,0.156369,-0.008633,0.570895
0.280000,0.165077,0.048348,0.577667,0.202076,0.014238,0.602759,0.156385,-0.008659,0.570894
0.290000,0.165066,0.048346,0.577677,0.202077,0.014226,0.602764,0.156388,-0.008686,0.570895
0.300000,0.165053,0.048330,0.577676,0.202069,0.014228,0.602767,0.156368,-0.008679,0.570898
0.310000,0.165048,0.048326,0.577684,0.202058,0.014208,0.602771,0.156351,-0.008678,0.570904
0.320000,0.165031,0.048307,0.577689,0.202041,0.014198,0.602779,0.156346,-0.008731,0.570907
0.330000,0.165014,0.048309,0.577705,0.202023,0.014187,0.602781,0.156314,-0.008718,0.570926
0.340000,0.165013,0.048288,0.577697,0.202012,0.014177,0.602790,0.156312,-0.008725,0.570918
0.350000,0.164997,0.048265,0.577697,0.201992,0.014188,0.602794,0.156308,-0.008750,0.570927
0.360000,0.164999,0.048253,0.577700,0.201996,0.014147,0.602791,0.156301,-0.008765,0.570912
0.370000,0.164990,0.048253,0.577688,0.201999,0.014151,0.602778,0.156303,-0.008755,0.570907
0.380000,0.164993,0.048250,0.577688,0.202006,0.014128,0.602774,0.156311,-0.008801,0.570897
0.390000,0.165002,0.048217,0.577677,0.202014,0.014130,0.602775,0.156307,-0.008815,0.570900
0.400000,0.165011,0.048226,0.577699,0.202027,0.014123,0.602778,0.156325,-0.008806,0.570900
0.410000,0.165021,0.048205,0.577701,0.202034,0.014095,0.602781,0.156326,-0.008809,0.570913
0.420000,0.165016,0.048214,0.577715,0.202028,0.014100,0.602795,0.156321,-0.008823,0.570935
0.430000,0.165024,0.048190,0.577716,0.202029,0.014086,0.602800,0.156299,-0.008791,0.570930
0.440000,0.165025,0.048178,0.577722,0.202021,0.014081,0.602800,0.156304,-0.008847,0.570935
0.450000,0.165013,0.048167,0.577736,0.202004,0.014077,0.602812,0.156300,-0.008845,0.570936
0.460000,0.165003,0.048151,0.577722,0.201993,0.014047,0.602804,0.156269,-0.008858,0.570928
0.470000,0.164996,0.048151,0.577717,0.201978,0.014039,0.602800,0.156269,-0.008882,0.570916
0.480000,0.164997,0.048125,0.577712,0.201986,0.014018,0.602789,0.156273,-0.008918,0.570892
0.490000,0.164995,0.048111,0.577713,0.201981,0.013991,0.602788,0.156271,-0.008904,0.570899
0.500000,0.164997,0.048089,0.577698,0.201976,0.013987,0.602783,0.156267,-0.008928,0.570886
0.510000,0.164982,0.048058,0.577698,0.201969,0.013979,0.602781,0.156264,-0.008964,0.570883
0.520000,0.164969,0.048072,0.577684,0.201967,0.013962,0.602769,0.156260,-0.008959,0.570870
0.530000,0.164963,0.048030,0.577689,0.201943,0.013948,0.602758,0.156261,-0.009012,0.570857
0.540000,0.164945,0.048043,0.577686,0.201930,0.013935,0.602755,0.156223,-0.009019,0.570845
0.550000,0.164920,0.048031,0.577675,0.201906,0.013924,0.602749,0.156220,-0.009037,0.570833
0.560000,0.164903,0.048010,0.577669,0.201877,0.013870,0.602739,0.156173,-0.009012,0.570821
0.570000,0.164874,0.048035,0.577666,0.201841,0.013883,0.602740,0.156165,-0.009044,0.570803
0.580000,0.164871,0.048005,0.577649,0.201815,0.013887,0.602725,0.156150,-0.009058,0.570794
0.590000,0.164855,0.048009,0.577647,0.201804,0.013873,0.602709,0.156105,-0.008990,0.570789
0.600000,0.164857,0.047992,0.577625,0.201812,0.013872,0.602700,0.156098,-0.008987,0.570767
0.610000,0.164867,0.047980,0.577625,0.201823,0.013864,0.602686,0.156161,-0.009081,0.570777
0.620000,0.164870,0.047969,0.577603,0.201846,0.013829,0.602681,0.156185,-0.009127,0.570761
0.630000,0.164892,0.047949,0.577613,0.201848,0.013831,0.602672,0.156150,-0.009046,0.570758
0.640000,0.164899,0.047948,0.577624,0.201878,0.013798,0.602670,0.156199,-0.009130,0.570766
0.650000,0.164901,0.047940,0.577623,0.201895,0.013822,0.602683,0.156210,-0.009145,0.570763
0.660000,0.164906,0.047943,0.577641,0.201870,0.013800,0.602696,0.156188,-0.009119,0.570780
0.670000,0.164898,0.047941,0.577661,0.201865,0.013787,0.602707,0.156177,-0.009110,0.570793
0.680000,0.164900,0.047932,0.577658,0.201859,0.013777,0.602715,0.156172,-0.009117,0.570799
0.690000,0.164908,0.047927,0.577664,0.201856,0.013772,0.602720,0.156161,-0.009132,0.570797
0.700000,0.164909,0.047930,0.577664,0.201856,0.013780,0.602728,0.156149,-0.009087,0.570802
0.710000,0.164922,0.047906,0.577665,0.201868,0.013762,0.602728,0.156194,-0.009152,0.570801
0.720000,0.164946,0.047905,0.577678,0.201902,0.013747,0.602721,0.156200,-0.009142,0.570810
0.730000,0.164967,0.047886,0.577685,0.201924,0.013716,0.602723,0.156239,-0.009175,0.570814
0.740000,0.164992,0.047877,0.577691,0.201961,0.013721,0.602724,0.156248,-0.009187,0.570820
0.750000,0.165019,0.047854,0.577697,0.202009,0.013745,0.602735,0.156274,-0.009170,0.570830
0.760000,0.165047,0.047862,0.577720,0.202030,0.013733,0.602740,0.156316,-0.009217,0.570845
0.770000,0.165070,0.047881,0.577742,0.202048,0.013731,0.602753,0.156292,-0.009144,0.570867
0.780000,0.165087,0.047874,0.577742,0.202064,0.013736,0.602763,0.156341,-0.009204,0.570860
0.790000,0.165101,0.047872,0.577755,0.202064,0.013720,0.602766,0.156327,-0.009184,0.570881
0.800000,0.165105,0.047845,0.577760,0.202072,0.013715,0.602769,0.156317,-0.009158,0.570892
0.810000,0.165102,0.047861,0.577767,0.202082,0.013687,0.602768,0.156324,-0.009191,0.570879
0.820000,0.165116,0.047828,0.577761,0.202089,0.013688,0.602757,0.156348,-0.009225,0.570874
0.830000,0.165128,0.047807,0.577758,0.202095,0.013670,0.602762,0.156348,-0.009217,0.570869
0.840000,0.165126,0.047810,0.577763,0.202109,0.013637,0.602758,0.156361,-0.009222,0.570873
0.850000,0.165147,0.047792,0.577763,0.202116,0.013639,0.602763,0.156363,-0.009234,0.570876
0.860000,0.165147,0.047780,0.577764,0.202121,0.013632,0.602769,0.156364,-0.009218,0.570889
0.870000,0.165160,0.047766,0.577766,0.202117,0.013613,0.602776,0.156358,-0.009236,0.570885
0.880000,0.165310,0.047248,0.577818,0.202119,0.013628,0.602785,0.156357,-0.009230,0.570890
0.890000,0.165171,0.047767,0.577768,0.202110,0.013620,0.602780,0.156369,-0.009259,0.570882
0.900000,0.165169,0.047776,0.577753,0.202124,0.013628,0.602776,0.156374,-0.009252,0.570868
0.910000,0.165326,0.047245,0.577797,0.202110,0.013632,0.602776,0.156377,-0.009248,0.570871
0.920000,0.165175,0.047768,0.577751,0.202128,0.013605,0.602768,0.156395,-0.009282,0.570850
0.930000,0.165179,0.047749,0.577744,0.202125,0.013605,0.602764,0.156370,-0.009209,0.570862
0.940000,0.165193,0.047759,0.577747,0.202129,0.013607,0.602754,0.156398,-0.009261,0.570844
0.950000,0.165185,0.047749,0.577742,0.202126,0.013593,0.602760,0.156382,-0.009247,0.570847
0.960000,0.165179,0.047748,0.577741,0.202114,0.013597,0.602759,0.156367,-0.009236,0.570836
0.970000,0.165330,0.047236,0.577790,0.202096,0.013576,0.602765,0.156384,-0.009287,0.570839
0.980000,0.165167,0.047755,0.577734,0.202112,0.013596,0.602773,0.156368,-0.009273,0.570841
0.990000,0.165171,0.047752,0.577752,0.202088,0.013580,0.602782,0.156380,-0.009281,0.570854
1.000000,0.165163,0.047752,0.577752,0.202078,0.013573,0.602788,0.156369,-0.009259,0.570854
1.010000,0.165170,0.047737,0.577764,0.202073,0.013555,0.602792,0.156334,-0.009224,0.570861
1.020000,0.165156,0.047745,0.577769,0.202076,0.013550,0.602801,0.156359,-0.009294,0.570872
1.030000,0.165154,0.047727,0.577773,0.202070,0.013531,0.602800,0.156330,-0.009252,0.570879
1.040000,0.165303,0.047210,0.577830,0.202067,0.013551,0.602805,0.156331,-0.009277,0.570886
1.050000,0.165149,0.047706,0.577783,0.202073,0.013517,0.602807,0.156330,-0.009282,0.570887
1.060000,0.165306,0.047185,0.577839,0.202067,0.013521,0.602813,0.156342,-0.009301,0.570898
1.070000,0.165151,0.047700,0.577808,0.202073,0.013516,0.602827,0.156346,-0.009330,0.570896
1.080000,0.165144,0.047691,0.577820,0.202069,0.013515,0.602838,0.156337,-0.009298,0.570920
1.090000,0.165145,0.047689,0.577832,0.202073,0.013531,0.602846,0.156331,-0.009291,0.570932
1.100000,0.165296,0.047179,0.577892,0.202066,0.013514,0.602850,0.156339,-0.009319,0.570935
1.110000,0.165288,0.047160,0.577891,0.202058,0.013478,0.602878,0.156345,-0.009321,0.570942
1.120000,0.165133,0.047711,0.577847,0.202050,0.013511,0.602867,0.156318,-0.009273,0.570953
1.130000,0.165129,0.047706,0.577856,0.202045,0.013520,0.602871,0.156331,-0.009324,0.570951
1.140000,0.165119,0.047679,0.577860,0.202041,0.013528,0.602877,0.156327,-0.009342,0.570959
1.150000,0.165270,0.047151,0.577904,0.202040,0.013517,0.602881,0.156308,-0.009290,0.570970
1.160000,0.165102,0.047686,0.577869,0.202035,0.013467,0.602899,0.156303,-0.009310,0.570953
1.170000,0.165248,0.047144,0.577913,0.202019,0.013508,0.602885,0.156284,-0.009303,0.570969
1.180000,0.165078,0.047654,0.577869,0.202008,0.013451,0.602896,0.156260,-0.009344,0.570954
1.190000,0.165207,0.047144,0.577921,0.201982,0.013451,0.602897,0.156233,-0.009340,0.570958
1.200000,0.165186,0.047130,0.577908,0.201947,0.013480,0.602875,0.156214,-0.009351,0.570969
1.210000,0.165153,0.047148,0.577914,0.201923,0.013442,0.602890,0.156175,-0.009319,0.570951
1.220000,0.164983,0.047660,0.577859,0.201894,0.013437,0.602887,0.156177,-0.009392,0.570938
1.230000,0.164954,0.047662,0.577837,0.201857,0.013432,0.602874,0.156136,-0.009367,0.570924
1.240000,0.165085,0.047137,0.577866,0.201829,0.013440,0.602863,0.156116,-0.009380,0.570909
1.250000,0.164917,0.047645,0.577822,0.201814,0.013439,0.602850,0.156097,-0.009388,0.570902
1.260000,0.165056,0.047116,0.577856,0.201794,0.013430,0.602835,0.156084,-0.009399,0.570896
1.270000,0.164889,0.047629,0.577811,0.201787,0.013409,0.602825,0.156092,-0.009438,0.570886
1.280000,0.164875,0.047602,0.577810,0.201776,0.013395,0.602821,0.156078,-0.009474,0.570878
1.290000,0.164863,0.047607,0.577797,0.201766,0.013392,0.602814,0.156053,-0.009446,0.570875
1.300000,0.164861,0.047602,0.577804,0.201746,0.013375,0.602814,0.156016,-0.009405,0.570877
1.310000,0.164844,0.047595,0.577789,0.201732,0.013378,0.602801,0.156002,-0.009434,0.570859
1.320000,0.164824,0.047610,0.577771,0.201704,0.013369,0.602806,0.156001,-0.009467,0.570859
1.330000,0.164814,0.047603,0.577757,0.201693,0.013376,0.602789,0.155947,-0.009410,0.570846
1.340000,0.164805,0.047584,0.577743,0.201687,0.013374,0.602789,0.155938,-0.009380,0.570834
1.350000,0.164809,0.047607,0.577754,0.201686,0.013370,0.602779,0.155929,-0.009403,0.570830
1.360000,0.164807,0.047589,0.577756,0.201697,0.013355,0.602780,0.155976,-0.009470,0.570842
1.370000,0.164818,0.047581,0.577747,0.201702,0.013350,0.602766,0.155949,-0.009447,0.570827
1.380000,0.164830,0.047579,0.577748,0.201715,0.013332,0.602764,0.155956,-0.009409,0.570824
1.390000,0.164836,0.047568,0.577744,0.201723,0.013327,0.602764,0.155971,-0.009433,0.570822
1.400000,0.164843,0.047578,0.577756,0.201732,0.013330,0.602765,0.156000,-0.009459,0.570838
1.410000,0.164851,0.047556,0.577755,0.201736,0.013326,0.602773,0.155977,-0.009409,0.570835
1.420000,0.164842,0.047576,0.577760,0.201727,0.013321,0.602768,0.156002,-0.009477,0.570837
1.430000,0.164843,0.047565,0.577754,0.201733,0.013329,0.602770,0.156000,-0.009473,0.570828
1.440000,0.164845,0.047548,0.577752,0.201727,0.013319,0.602761,0.155972,-0.009423,0.570835
1.450000,0.164841,0.047556,0.577747,0.201725,0.013313,0.602755,0.155990,-0.009484,0.570825
1.460000,0.164839,0.047542,0.577747,0.201733,0.013305,0.602748,0.155976,-0.009425,0.570816
1.470000,0.164838,0.047558,0.577751,0.201729,0.013298,0.602752,0.156009,-0.009513,0.570824
1.480000,0.164851,0.047530,0.577760,0.201740,0.013308,0.602757,0.155991,-0.009478,0.570837
1.490000,0.164861,0.047537,0.577758,0.201754,0.013299,0.602756,0.156017,-0.009514,0.570834
1.500000,0.164861,0.047533,0.577748,0.201753,0.013305,0.602755,0.156036,-0.009537,0.570836
1.510000,0.164873,0.047545,0.577751,0.201770,0.013295,0.602752,0.156032,-0.009497,0.570829
1.520000,0.165033,0.047013,0.577794,0.201785,0.013282,0.602748,0.156058,-0.009518,0.570832
1.530000,0.165043,0.047012,0.577788,0.201793,0.013314,0.602743,0.156056,-0.009489,0.570825
1.540000,0.165052,0.047016,0.577789,0.201800,0.013292,0.602739,0.156064,-0.009523,0.570832
1.550000,0.164892,0.047541,0.577750,0.201813,0.013293,0.602730,0.156054,-0.009484,0.570841
1.560000,0.164899,0.047536,0.577749,0.201803,0.013289,0.602722,0.156074,-0.009520,0.570823
1.570000,0.164899,0.047542,0.577735,0.201810,0.013287,0.602720,0.156071,-0.009534,0.570820
1.580000,0.164900,0.047518,0.577730,0.201812,0.013286,0.602720,0.156069,-0.009527,0.570822
1.590000,0.164895,0.047531,0.577729,0.201809,0.013280,0.602719,0.156067,-0.009525,0.570819
1.600000,0.164904,0.047541,0.577722,0.201799,0.013279,0.602712,0.156060,-0.009514,0.570813
1.610000,0.164906,0.047546,0.577716,0.201812,0.013288,0.602705,0.156065,-0.009480,0.570807
1.620000,0.165080,0.047017,0.577742,0.201813,0.013312,0.602711,0.156085,-0.009506,0.570802
1.630000,0.165080,0.047014,0.577738,0.201827,0.013299,0.602702,0.156104,-0.009503,0.570778
1.640000,0.165094,0.047017,0.577721,0.201839,0.013292,0.602693,0.156097,-0.009518,0.570768
1.650000,0.164941,0.047506,0.577653,0.201843,0.013317,0.602697,0.156103,-0.009475,0.570781
1.660000,0.164952,0.047550,0.577671,0.201840,0.013298,0.602693,0.156131,-0.009518,0.570771
1.670000,0.164957,0.047538,0.577672,0.201853,0.013301,0.602683,0.156122,-0.009480,0.570766
1.680000,0.164953,0.047547,0.577670,0.201843,0.013301,0.602679,0.156059,-0.009412,0.570751
1.690000,0.165096,0.046967,0.577668,0.201835,0.013296,0.602677,0.156120,-0.009536,0.570764
1.700000,0.164939,0.047493,0.577628,0.201829,0.013295,0.602673,0.156096,-0.009469,0.570758
1.710000,0.164917,0.047505,0.577625,0.201815,0.013286,0.602674,0.156060,-0.009441,0.570750
1.720000,0.164913,0.047491,0.577625,0.201803,0.013285,0.602672,0.156089,-0.009543,0.570750
1.730000,0.165060,0.046964,0.577669,0.201786,0.013289,0.602673,0.156068,-0.009521,0.570748
1.740000,0.164881,0.047477,0.577619,0.201768,0.013266,0.602672,0.156002,-0.009469,0.570747
1.750000,0.164872,0.047471,0.577616,0.201750,0.013264,0.602664,0.156010,-0.009487,0.570738
1.760000,0.164858,0.047478,0.577623,0.201748,0.013270,0.602670,0.156002,-0.009505,0.570740
1.770000,0.164850,0.047482,0.577615,0.201733,0.013261,0.602660,0.155964,-0.009456,0.570746
1.780000,0.164844,0.047469,0.577619,0.201731,0.013272,0.602660,0.155946,-0.009436,0.570751
1.790000,0.164822,0.047477,0.577612,0.201712,0.013265,0.602654,0.155926,-0.009459,0.570740
1.800000,0.164831,0.047468,0.577616,0.201716,0.013243,0.602651,0.155946,-0.009487,0.570742
1.810000,0.164824,0.047470,0.577627,0.201712,0.013238,0.602655,0.155940,-0.009511,0.570747
1.820000,0.164821,0.047450,0.577633,0.201703,0.013230,0.602658,0.155930,-0.009474,0.570748
1.830000,0.164821,0.047451,0.577642,0.201702,0.013227,0.602661,0.155910,-0.009467,0.570755
1.840000,0.164809,0.047437,0.577640,0.201698,0.013226,0.602670,0.155924,-0.009517,0.570764
1.850000,0.164815,0.047428,0.577641,0.201693,0.013201,0.602665,0.155914,-0.009508,0.570761
1.860000,0.164959,0.046905,0.577693,0.201694,0.013185,0.602672,0.155903,-0.009540,0.570758
1.870000,0.164795,0.047411,0.577656,0.201679,0.013176,0.602667,0.155901,-0.009548,0.570775
1.880000,0.164791,0.047412,0.577663,0.201677,0.013167,0.602682,0.155893,-0.009532,0.570775
1.890000,0.164792,0.047391,0.577663,0.201672,0.013167,0.602672,0.155887,-0.009548,0.570778
1.900000,0.164791,0.047400,0.577674,0.201672,0.013160,0.602673,0.155884,-0.009576,0.570786
1.910000,0.164787,0.047387,0.577674,0.201673,0.013147,0.602677,0.155881,-0.009563,0.570790
1.920000,0.164784,0.047364,0.577669,0.201667,0.013136,0.602681,0.155865,-0.009551,0.570796
1.930000,0.164782,0.047368,0.577667,0.201662,0.013128,0.602674,0.155876,-0.009607,0.570768
1.940000,0.164778,0.047351,0.577664,0.201656,0.013108,0.602673,0.155874,-0.009609,0.570774
1.950000,0.164942,0.046800,0.577698,0.201657,0.013091,0.602667,0.155866,-0.009602,0.570767
1.960000,0.164771,0.047327,0.577661,0.201654,0.013083,0.602661,0.155881,-0.009655,0.570759
1.970000,0.164947,0.046776,0.577694,0.201665,0.013082,0.602669,0.155849,-0.009616,0.570771
1.980000,0.164940,0.046788,0.577713,0.201666,0.013085,0.602668,0.155884,-0.009648,0.570760
1.990000,0.164941,0.046797,0.577719,0.201670,0.013063,0.602668,0.155889,-0.009623,0.570761
2.000000,0.164956,0.046767,0.577713,0.201688,0.013041,0.602669,0.155910,-0.009664,0.570768
2.010000,0.164790,0.047311,0.577663,0.201681,0.013075,0.602665,0.155910,-0.009667,0.570775
2.020000,0.164964,0.046773,0.577699,0.201686,0.013083,0.602662,0.155919,-0.009685,0.570752
2.030000,0.164955,0.046778,0.577693,0.201681,0.013076,0.602656,0.155904,-0.009675,0.570759
2.040000,0.164950,0.046761,0.577703,0.201677,0.013060,0.602653,0.155908,-0.009666,0.570754
2.050000,0.164949,0.046755,0.577700,0.201675,0.013019,0.602662,0.155880,-0.009631,0.570753
2.060000,0.164952,0.046756,0.577695,0.201669,0.013020,0.602664,0.155894,-0.009658,0.570746
2.070000,0.164787,0.047279,0.577653,0.201669,0.013010,0.602663,0.155864,-0.009646,0.570740
2.080000,0.164941,0.046750,0.577704,0.201653,0.013036,0.602658,0.155873,-0.009632,0.570745
2.090000,0.164937,0.046749,0.577695,0.201657,0.012997,0.602671,0.155880,-0.009684,0.570738
2.100000,0.164943,0.046751,0.577693,0.201652,0.013027,0.602663,0.155878,-0.009675,0.570736
2.110000,0.164936,0.046730,0.577694,0.201663,0.013004,0.602679,0.155877,-0.009659,0.570747
2.120000,0.164945,0.046728,0.577707,0.201662,0.013003,0.602678,0.155885,-0.009690,0.570744
2.130000,0.164942,0.046727,0.577720,0.201660,0.012970,0.602682,0.155884,-0.009719,0.570755
2.140000,0.164935,0.046713,0.577730,0.201641,0.012976,0.602688,0.155851,-0.009684,0.570761
2.150000,0.164919,0.046711,0.577731,0.201619,0.012940,0.602688,0.155841,-0.009673,0.570758
2.160000,0.164908,0.046699,0.577727,0.201611,0.012926,0.602686,0.155829,-0.009706,0.570748
2.170000,0.164904,0.046699,0.577720,0.201601,0.012928,0.602681,0.155824,-0.009739,0.570743
2.180000,0.164896,0.046676,0.577713,0.201585,0.012917,0.602688,0.155841,-0.009794,0.570742
2.190000,0.164730,0.047182,0.577672,0.201587,0.012910,0.602681,0.155824,-0.009764,0.570743
2.200000,0.164876,0.046646,0.577731,0.201593,0.012885,0.602692,0.155807,-0.009764,0.570747
2.210000,0.164725,0.047154,0.577689,0.201583,0.012873,0.602693,0.155819,-0.009756,0.570741
2.220000,0.164886,0.046650,0.577729,0.201590,0.012890,0.602695,0.155825,-0.009794,0.570751
2.230000,0.164875,0.046647,0.577729,0.201588,0.012893,0.602691,0.155796,-0.009755,0.570764
2.240000,0.164878,0.046645,0.577740,0.201586,0.012889,0.602683,0.155792,-0.009744,0.570762
2.250000,0.164875,0.046630,0.577734,0.201579,0.012878,0.602690,0.155812,-0.009790,0.570753
2.260000,0.164862,0.046658,0.577735,0.201575,0.012888,0.602691,0.155793,-0.009756,0.570753
2.270000,0.164689,0.047167,0.577695,0.201567,0.012890,0.602691,0.155803,-0.009789,0.570750
2.280000,0.164851,0.046630,0.577718,0.201562,0.012876,0.602684,0.155768,-0.009766,0.570763
2.290000,0.164843,0.046618,0.577725,0.201559,0.012864,0.602680,0.155776,-0.009769,0.570746
2.300000,0.164849,0.046600,0.577715,0.201574,0.012863,0.602681,0.155803,-0.009799,0.570733
2.310000,0.164862,0.046579,0.577716,0.201569,0.012851,0.602681,0.155812,-0.009807,0.570729
2.320000,0.164850,0.046579,0.577722,0.201578,0.012838,0.602685,0.155827,-0.009835,0.570737
2.330000,0.164694,0.047076,0.577696,0.201590,0.012837,0.602702,0.155842,-0.009888,0.570769
2.340000,0.164876,0.046484,0.577784,0.201658,0.012789,0.602729,0.155893,-0.009981,0.570870
2.350000,0.164928,0.046368,0.577870,0.201757,0.012700,0.602778,0.155962,-0.010129,0.571022
2.360000,0.164999,0.046192,0.578033,0.201886,0.012550,0.602876,0.156033,-0.010309,0.571229
2.370000,0.165103,0.045955,0.578191,0.202065,0.012332,0.602999,0.156181,-0.010693,0.571467
2.380000,0.165023,0.046226,0.578290,0.202223,0.012021,0.603114,0.156289,-0.010946,0.571677
2.390000,0.165161,0.045784,0.578374,0.202393,0.011656,0.603178,0.156466,-0.011349,0.571764
2.400000,0.165298,0.045283,0.578324,0.202563,0.011175,0.603176,0.156645,-0.011813,0.571763
2.410000,0.165549,0.044841,0.578400,0.202773,0.010700,0.603127,0.156855,-0.012350,0.571710
2.420000,0.165775,0.044332,0.578385,0.203038,0.010195,0.603039,0.157143,-0.012960,0.571666
2.430000,0.166044,0.043798,0.578389,0.203357,0.009624,0.603016,0.157387,-0.013472,0.571649
2.440000,0.166256,0.043156,0.578387,0.203683,0.009077,0.603055,0.157713,-0.013999,0.571705
2.450000,0.166566,0.042656,0.578518,0.204028,0.008547,0.603136,0.158027,-0.014484,0.571792
2.460000,0.166892,0.042143,0.578665,0.204366,0.008060,0.603206,0.158350,-0.014930,0.571893
2.470000,0.167396,0.041002,0.578922,0.204775,0.007563,0.603297,0.158682,-0.015432,0.571958
2.480000,0.167565,0.041025,0.578928,0.205141,0.006980,0.603330,0.159048,-0.015969,0.571989
2.490000,0.167817,0.040492,0.579001,0.205465,0.006396,0.603347,0.159400,-0.016676,0.572011
2.500000,0.168063,0.039976,0.579137,0.205715,0.005865,0.603363,0.159634,-0.017190,0.572001
2.510000,0.168224,0.039454,0.579260,0.205915,0.005353,0.603417,0.159841,-0.017751,0.572018
2.520000,0.168309,0.039017,0.579429,0.206042,0.004886,0.603518,0.159964,-0.018161,0.572059
2.530000,0.168373,0.038616,0.579624,0.206100,0.004455,0.603634,0.160030,-0.018528,0.572142
2.540000,0.168390,0.038227,0.579821,0.206121,0.004148,0.603786,0.160064,-0.018807,0.572245
2.550000,0.168317,0.037975,0.579982,0.206063,0.003946,0.603928,0.160006,-0.019009,0.572339
2.560000,0.168136,0.037811,0.580094,0.205910,0.003782,0.604115,0.159869,-0.019145,0.572440
2.570000,0.167862,0.037725,0.580185,0.205663,0.003719,0.604210,0.159627,-0.019196,0.572506
2.580000,0.167509,0.037684,0.580237,0.205274,0.003690,0.604290,0.159281,-0.019242,0.572580
2.590000,0.167083,0.037717,0.580305,0.204863,0.003721,0.604409,0.158953,-0.019305,0.572637
2.600000,0.166556,0.037725,0.580387,0.204379,0.003797,0.604524,0.158589,-0.019345,0.572706
2.610000,0.165954,0.037779,0.580410,0.203816,0.003953,0.604703,0.158190,-0.019346,0.572796
2.620000,0.165277,0.037828,0.580433,0.203222,0.004250,0.604937,0.157728,-0.019240,0.572974
2.630000,0.164566,0.038028,0.580489,0.202605,0.004808,0.605279,0.157328,-0.019182,0.573282
2.640000,0.163843,0.038371,0.580620,0.201996,0.005470,0.605767,0.156925,-0.018922,0.573688
2.650000,0.163116,0.038727,0.580821,0.201362,0.006229,0.606339,0.156612,-0.018636,0.574192
2.660000,0.162370,0.039236,0.581014,0.200654,0.007239,0.607072,0.156300,-0.018194,0.574885
2.670000,0.161602,0.039978,0.581252,0.199990,0.008563,0.607957,0.156024,-0.017541,0.575671
2.680000,0.160803,0.040827,0.581510,0.199257,0.010154,0.608897,0.155710,-0.016668,0.576619
2.690000,0.160033,0.041882,0.581771,0.198428,0.011972,0.609974,0.155451,-0.015730,0.577588
2.700000,0.159276,0.042595,0.582151,0.197514,0.014026,0.611152,0.155155,-0.014526,0.578685
2.710000,0.158402,0.043940,0.582468,0.196465,0.016350,0.612398,0.154805,-0.013198,0.579847
2.720000,0.157303,0.046203,0.582675,0.195364,0.018867,0.613794,0.154464,-0.011694,0.580997
2.730000,0.156306,0.048105,0.583062,0.194175,0.021698,0.615295,0.154090,-0.009893,0.582286
2.740000,0.155277,0.050078,0.583450,0.192873,0.024664,0.616816,0.153797,-0.008051,0.583638
2.750000,0.154260,0.052168,0.583864,0.191572,0.028003,0.618367,0.153453,-0.005952,0.585091
2.760000,0.153313,0.054550,0.584255,0.190048,0.031313,0.620030,0.153087,-0.003529,0.586687
2.770000,0.152419,0.057215,0.584776,0.188812,0.035064,0.621561,0.152741,-0.000855,0.588402
2.780000,0.151495,0.059882,0.585132,0.187581,0.039599,0.623449,0.152042,0.000712,0.589784
2.790000,0.150499,0.062772,0.585812,0.186209,0.043972,0.625177,0.152146,0.004482,0.591945
2.800000,0.149763,0.065957,0.586328,0.184801,0.048597,0.626973,0.151984,0.008009,0.593968
2.810000,0.149158,0.069051,0.586838,0.183373,0.053415,0.628792,0.151776,0.011612,0.596100
2.820000,0.148458,0.072323,0.587324,0.181916,0.058501,0.630595,0.152434,0.014540,0.598622
2.830000,0.147667,0.075523,0.587828,0.180505,0.063846,0.632390,0.150323,0.019817,0.600823
2.840000,0.146997,0.079348,0.588538,0.178926,0.069194,0.634115,0.149821,0.024066,0.603172
2.850000,0.146301,0.083739,0.589618,0.177318,0.074885,0.635801,0.149201,0.028624,0.605530
2.860000,0.145471,0.086943,0.590055,0.175769,0.080582,0.637438,0.148521,0.033364,0.608007
2.870000,0.144729,0.091727,0.591194,0.174197,0.086713,0.638999,0.147923,0.038237,0.610516
2.880000,0.143946,0.096065,0.591992,0.172672,0.092816,0.640474,0.147418,0.043109,0.613081
2.890000,0.143088,0.100022,0.592686,0.171069,0.099189,0.641860,0.149833,0.044446,0.615994
2.900000,0.142400,0.104960,0.593682,0.169534,0.105669,0.643145,0.149656,0.048815,0.618636
2.910000,0.141453,0.109305,0.594405,0.167873,0.112209,0.644308,0.149059,0.052932,0.621270
2.920000,0.140636,0.114221,0.595268,0.166252,0.118846,0.645416,0.148090,0.059058,0.623606
2.930000,0.139785,0.119064,0.596018,0.164570,0.125461,0.646399,0.147225,0.064837,0.625928
2.940000,0.138872,0.123899,0.596730,0.162790,0.132288,0.647251,0.142666,0.076509,0.627583
2.950000,0.137810,0.128913,0.597393,0.160974,0.139200,0.647936,0.141482,0.082779,0.629738
2.960000,0.136733,0.133956,0.597949,,,,0.136292,0.099169,0.630697
2.970000,0.135566,0.139099,0.598332,0.157182,0.153285,0.648600,0.134517,0.107199,0.631730
2.980000,0.134471,0.144297,0.598497,0.155299,0.159891,0.648466,0.138451,0.100532,0.635270
2.990000,0.133336,0.149615,0.598528,0.153373,0.166904,0.648268,0.137195,0.106761,0.636644
3.000000,0.132195,0.154862,0.598442,0.151424,0.174069,0.647818,0.135763,0.113477,0.637865
3.010000,0.131080,0.160281,0.598212,0.149615,0.181073,0.647245,0.134607,0.119928,0.638888
3.020000,0.129953,0.165600,0.597845,0.147830,0.188050,0.646474,0.133437,0.126152,0.639798
3.030000,0.128780,0.170872,0.597504,0.146090,0.194963,0.645570,0.132131,0.132783,0.640541
3.040000,0.127654,0.176243,0.596960,0.144431,0.201738,0.644536,0.130814,0.139526,0.641145
3.050000,0.126629,0.181212,0.596399,0.142723,0.208621,0.643257,0.129580,0.146021,0.641532
3.060000,0.125395,0.186426,0.595667,0.140899,0.215092,0.642024,0.128469,0.152239,0.642025
3.070000,0.124108,0.191669,0.594751,0.139102,0.221611,0.640513,0.127312,0.158465,0.642096
3.080000,0.122737,0.196783,0.593777,0.137272,0.228319,0.638672,0.125890,0.164892,0.641971
3.090000,0.121337,0.201888,0.592570,0.135395,0.234551,0.636834,0.124466,0.171177,0.641610
3.100000,0.119877,0.207015,0.591182,0.133548,0.240458,0.634905,0.123206,0.177298,0.640803
3.110000,0.118507,0.212019,0.589703,0.131674,0.246603,0.632781,0.121605,0.183662,0.640124
3.120000,0.116984,0.217152,0.588101,0.129937,0.252636,0.630513,0.119763,0.190374,0.639420
3.130000,0.115572,0.222168,0.586476,0.128219,0.258696,0.628013,0.117849,0.197198,0.638634
3.140000,0.113402,0.228919,0.585946,0.126622,0.264792,0.625422,0.116243,0.204520,0.637856
3.150000,0.112456,0.232098,0.582116,0.125011,0.271047,0.622535,0.114371,0.211498,0.636834
3.160000,0.111087,0.238542,0.582279,0.123581,0.277059,0.619706,0.112252,0.216935,0.635082
3.170000,0.109670,0.243432,0.580186,0.122066,0.282998,0.616614,0.110327,0.223967,0.633660
3.180000,0.108428,0.248305,0.578010,0.120707,0.289094,0.613388,0.108518,0.232858,0.632822
3.190000,0.107092,0.253347,0.575641,0.119413,0.295031,0.610036,0.106293,0.240506,0.631163
3.200000,0.105914,0.258066,0.573062,0.118123,0.300735,0.606496,0.104526,0.245377,0.628579
3.210000,0.104609,0.262852,0.570414,0.117024,0.306575,0.602740,0.102708,0.251969,0.626318
3.220000,0.103417,0.267471,0.567764,0.115827,0.311987,0.599023,0.100841,0.258459,0.623943
3.230000,0.102190,0.272001,0.565000,0.114745,0.317376,0.595205,0.099101,0.264635,0.621451
3.240000,0.101089,0.276104,0.561994,0.113632,0.322466,0.591369,0.097404,0.270691,0.618834
3.250000,0.099877,0.280318,0.559113,0.112565,0.327253,0.587403,0.095712,0.276420,0.616122
3.260000,0.098892,0.284512,0.556323,0.111511,0.331918,0.583432,0.094052,0.282090,0.613301
3.270000,0.097768,0.288430,0.553285,0.110494,0.336396,0.579282,0.092440,0.287504,0.610302
3.280000,0.096665,0.292114,0.550196,0.109503,0.340540,0.575086,0.091242,0.291262,0.606692
3.290000,0.095500,0.295771,0.546984,0.108576,0.344640,0.570862,0.089721,0.296311,0.603535
3.300000,0.094325,0.299192,0.543736,0.107660,0.348332,0.566648,0.088200,0.301087,0.600308
3.310000,0.093187,0.302270,0.540594,0.106667,0.351744,0.562434,0.086721,0.305595,0.597117
3.320000,0.092157,0.304658,0.537816,0.105629,0.355004,0.558267,0.085237,0.309787,0.593818
3.330000,0.091035,0.307432,0.534669,0.104527,0.357967,0.554132,0.083837,0.313689,0.590484
3.340000,0.089890,0.310089,0.531451,0.103468,0.360855,0.550022,0.082438,0.317528,0.587135
3.350000,0.088733,0.312515,0.528348,0.102422,0.363663,0.545893,0.081050,0.321328,0.583747
3.360000,0.087585,0.315049,0.525094,0.101383,0.366415,0.541841,0.079736,0.324903,0.580336
3.370000,0.086263,0.317794,0.521881,0.100405,0.369220,0.537690,0.078412,0.328432,0.576952
3.380000,0.085065,0.320208,0.518694,0.099506,0.371561,0.533689,0.077178,0.331808,0.573547
3.390000,0.083899,0.322738,0.515472,0.098563,0.374174,0.529685,0.075943,0.335234,0.570187
3.400000,0.082734,0.325048,0.512296,0.097448,0.376259,0.525617,0.074847,0.338463,0.566719
3.410000,0.081578,0.327344,0.509040,0.096511,0.378791,0.521729,0.073766,0.341664,0.563366
3.420000,0.080366,0.329621,0.505878,0.095626,0.381042,0.517786,0.072737,0.344798,0.560015
3.430000,0.079278,0.331719,0.502748,0.094794,0.383327,0.513909,0.071853,0.347804,0.556726
3.440000,0.078207,0.333714,0.499706,0.093895,0.385434,0.510105,0.071036,0.350663,0.553580
3.450000,0.077169,0.335687,0.496782,0.093075,0.387657,0.506369,0.070338,0.353377,0.550506
3.460000,0.076254,0.337494,0.493936,0.092310,0.389565,0.502603,0.069727,0.356030,0.547497
3.470000,0.075338,0.339344,0.491125,0.091915,0.391878,0.498971,0.069183,0.358576,0.544536
3.480000,0.074387,0.341119,0.488301,0.091248,0.393240,0.495477,0.068686,0.360995,0.541601
3.490000,0.073302,0.343280,0.485846,0.090647,0.394962,0.492005,0.068280,0.363316,0.538673
3.500000,0.072405,0.344976,0.483160,0.090083,0.396451,0.488643,0.067851,0.365526,0.535782
3.510000,0.071507,0.346684,0.480445,0.089622,0.397687,0.485194,0.067486,0.367566,0.532921
3.520000,0.070928,0.347726,0.477926,0.089146,0.399061,0.481899,0.067172,0.369422,0.530102
3.530000,0.070196,0.348971,0.475473,0.088621,0.400259,0.478795,0.066811,0.371194,0.527436
3.540000,0.069532,0.350073,0.473061,0.087998,0.401118,0.475797,0.066290,0.372895,0.525058
3.550000,0.068954,0.350981,0.470721,0.087933,0.402088,0.472833,0.066058,0.374447,0.522390
3.560000,0.068279,0.352197,0.468478,0.087454,0.403312,0.470258,0.065819,0.376018,0.519809
3.570000,0.067888,0.352971,0.466363,0.087353,0.403847,0.467382,0.065642,0.377442,0.517339
3.580000,0.067481,0.353819,0.464340,0.087062,0.404824,0.465125,0.065559,0.378670,0.515064
3.590000,0.067171,0.354690,0.462562,0.087035,0.405279,0.462545,0.065513,0.379869,0.513066
3.600000,0.067033,0.355206,0.460921,0.086821,0.406169,0.460582,0.065640,0.380978,0.511172
3.610000,0.066799,0.356069,0.459343,0.086831,0.406637,0.458387,0.065856,0.382114,0.509398
3.620000,0.066668,0.356821,0.457873,0.086814,0.407399,0.456411,0.066118,0.383266,0.507771
3.630000,0.066778,0.357314,0.456680,0.086921,0.407882,0.454469,0.066505,0.384347,0.506247
3.640000,0.066607,0.358246,0.455369,0.086945,0.408576,0.452752,0.066989,0.385339,0.504773
3.650000,0.066854,0.358523,0.454334,0.087133,0.409166,0.451028,0.067531,0.386421,0.503435
3.660000,0.066896,0.359156,0.453275,0.087351,0.409699,0.449399,0.068094,0.387394,0.502114
3.670000,0.067021,0.359741,0.452355,0.087586,0.410182,0.447863,0.068720,0.388347,0.500967
3.680000,0.067273,0.360218,0.451522,0.087864,0.410650,0.446422,0.069409,0.389318,0.499825
3.690000,0.067401,0.360787,0.450674,0.088138,0.411149,0.445133,0.070047,0.390141,0.498840
3.700000,0.067575,0.361241,0.449967,0.088438,0.411584,0.443917,0.070691,0.390922,0.497882
3.710000,0.067779,0.361629,0.449331,0.088747,0.411972,0.442841,0.071296,0.391644,0.496996
3.720000,0.067914,0.362087,0.448697,0.089016,0.412420,0.441849,0.071805,0.392261,0.496224
3.730000,0.067908,0.362736,0.447999,0.089042,0.412587,0.441171,0.072266,0.392837,0.495457
3.740000,0.061618,0.370563,0.452549,0.089526,0.412903,0.440228,0.072574,0.393255,0.495015
3.750000,0.068188,0.363282,0.447136,0.089696,0.413145,0.439580,0.072929,0.393688,0.494427
3.760000,0.061740,0.371309,0.451840,0.089908,0.413438,0.438981,0.073251,0.394087,0.493899
3.770000,0.061947,0.371343,0.451298,0.090176,0.413585,0.438527,0.073533,0.394406,0.493475
3.780000,0.062110,0.371674,0.450968,0.090472,0.413755,0.438150,0.073816,0.394655,0.493118
3.790000,0.062140,0.372395,0.450982,0.090748,0.413871,0.437862,0.074151,0.394823,0.492777
3.800000,0.062314,0.372501,0.450789,0.090836,0.413967,0.437827,0.074474,0.394987,0.492609
3.810000,0.062498,0.372492,0.450712,0.091107,0.413989,0.437735,0.074824,0.395072,0.492566
3.820000,0.069231,0.364630,0.445652,0.091426,0.414038,0.437694,0.075234,0.395119,0.492568
3.830000,0.069584,0.364556,0.445699,0.091956,0.414089,0.437498,0.075659,0.395195,0.492545
3.840000,0.069872,0.364679,0.445623,0.092098,0.414150,0.437517,0.076061,0.395332,0.492453
3.850000,0.063874,0.372519,0.450283,0.092442,0.414188,0.437376,0.076369,0.395451,0.492286
3.860000,0.070390,0.365081,0.445165,0.092750,0.414298,0.437223,0.076558,0.395566,0.492097
3.870000,0.070517,0.365211,0.444991,0.093019,0.414428,0.437148,0.076658,0.395608,0.491955
3.880000,0.070621,0.365338,0.444839,0.093226,0.414509,0.437172,0.076670,0.395620,0.491869
3.890000,0.070670,0.365430,0.444759,0.093364,0.414571,0.437251,0.076579,0.395621,0.491845
3.900000,0.070720,0.365427,0.444781,0.093480,0.414598,0.437445,0.076438,0.395574,0.491923
3.910000,0.070743,0.365398,0.444842,0.093492,0.414514,0.437681,0.076288,0.395457,0.492073
3.920000,0.070780,0.365277,0.444968,0.093476,0.414424,0.438007,0.076108,0.395284,0.492311
3.930000,0.070867,0.365095,0.445174,0.093465,0.414380,0.438361,0.075935,0.395089,0.492579
3.940000,0.070925,0.364914,0.445366,0.093412,0.414320,0.438777,0.075723,0.394818,0.492925
3.950000,0.064328,0.372897,0.450825,0.093362,0.414276,0.439265,0.075483,0.394447,0.493354
3.960000,0.071094,0.364424,0.445860,0.093323,0.414186,0.439767,0.075286,0.394111,0.493550
3.970000,0.064523,0.372224,0.451015,0.093269,0.414039,0.440354,0.074874,0.393799,0.493966
3.980000,0.064401,0.372222,0.451303,0.093133,0.413840,0.441079,0.074330,0.393349,0.494387
3.990000,0.064517,0.371305,0.451236,0.092909,0.413696,0.441811,0.073737,0.392793,0.494822
4.000000,0.064123,0.371180,0.451896,0.092637,0.413472,0.442602,0.073021,0.392132,0.495386
4.010000,0.063393,0.371745,0.452876,0.092414,0.413074,0.443626,0.072156,0.391371,0.496124
4.020000,0.063485,0.370287,0.452805,0.091934,0.412682,0.444633,0.071252,0.390487,0.496897
4.030000,0.069916,0.361865,0.448634,0.091127,0.412033,0.446043,0.070372,0.389441,0.497740
4.040000,0.069531,0.361307,0.449293,0.090587,0.411467,0.447351,0.069395,0.388395,0.498736
4.050000,0.069053,0.360700,0.450160,0.090292,0.410753,0.448737,0.068473,0.387141,0.499859
4.060000,0.068740,0.359723,0.451361,0.089516,0.410288,0.450714,0.067571,0.385863,0.501261
4.070000,0.068255,0.358871,0.452586,0.088471,0.409461,0.452711,0.066705,0.384325,0.502816
4.080000,0.067885,0.357595,0.454188,0.087961,0.408247,0.454373,0.065903,0.382774,0.504629
4.090000,0.067404,0.356422,0.455706,0.086997,0.407211,0.456628,0.065106,0.380903,0.506532
4.100000,0.067029,0.354892,0.457451,0.086015,0.406035,0.458957,0.064340,0.378908,0.508737
4.110000,0.066619,0.353348,0.459302,0.085025,0.404666,0.461403,0.063550,0.376686,0.511002
4.120000,0.066206,0.351826,0.461077,0.084068,0.403339,0.463897,0.063074,0.374372,0.512979
4.130000,0.065738,0.350238,0.462964,0.083083,0.401871,0.466460,0.062383,0.372086,0.515153
4.140000,0.065539,0.348224,0.464868,0.082167,0.400158,0.469166,0.061678,0.369659,0.517380
4.150000,0.065058,0.346670,0.466758,0.081284,0.398445,0.471764,0.060988,0.367142,0.519607
4.160000,0.064846,0.344449,0.468732,0.080424,0.396656,0.474463,0.060326,0.364527,0.521796
4.170000,0.064378,0.342830,0.470762,0.079454,0.394948,0.477329,0.059623,0.361905,0.524169
4.180000,0.064522,0.339627,0.472660,0.078587,0.392971,0.480267,0.058993,0.358910,0.526466
4.190000,0.064232,0.337543,0.474711,0.077737,0.390952,0.483173,0.058262,0.355962,0.528787
4.200000,0.063880,0.335432,0.476860,0.076905,0.388804,0.486223,0.057675,0.352648,0.531155
4.210000,0.063592,0.333094,0.479117,0.076057,0.386389,0.489507,0.057036,0.349384,0.533638
4.220000,0.063341,0.330706,0.481395,0.075336,0.383745,0.492852,0.056520,0.345766,0.536086
4.230000,0.063199,0.328196,0.483675,0.074585,0.381030,0.496123,0.056038,0.342124,0.538574
4.240000,0.063110,0.325707,0.485932,0.073901,0.378382,0.499416,0.055605,0.338452,0.541009
4.250000,0.063015,0.323212,0.488073,0.073296,0.375604,0.502602,0.055234,0.334614,0.543357
4.260000,0.063040,0.320636,0.490210,0.072514,0.372480,0.505760,0.054734,0.331055,0.545634
4.270000,0.062927,0.318231,0.492329,0.072522,0.370265,0.509070,0.054363,0.327267,0.547880
4.280000,0.062971,0.315596,0.494417,0.072298,0.368646,0.511815,0.053970,0.323520,0.550072
4.290000,0.062979,0.313050,0.496577,0.071690,0.364996,0.515313,0.053609,0.319649,0.552293
4.300000,0.063034,0.310401,0.498710,0.071367,0.361676,0.518814,0.053248,0.315745,0.554474
4.310000,0.063158,0.307700,0.500836,0.070894,0.358716,0.522005,0.052859,0.312726,0.556912
4.320000,0.062816,0.305811,0.502478,0.070572,0.355648,0.525273,0.052610,0.308699,0.559054
4.330000,0.062833,0.302981,0.504693,0.070354,0.352574,0.528543,0.052370,0.304984,0.561225
4.340000,0.062890,0.300149,0.506994,0.070149,0.349384,0.531755,0.052310,0.300930,0.563373
4.350000,0.062958,0.297451,0.509293,0.070039,0.346237,0.534924,0.052194,0.297289,0.565667
4.360000,0.063046,0.294758,0.511666,0.070044,0.343088,0.538257,0.052317,0.293389,0.567970
4.370000,0.063250,0.291942,0.514094,0.070148,0.339955,0.541615,0.052554,0.289471,0.570347
4.380000,0.063449,0.289233,0.516549,0.070251,0.336693,0.545035,0.052895,0.285584,0.572827
4.390000,0.063553,0.286353,0.519044,0.070328,0.333212,0.548531,0.053413,0.281193,0.575304
4.400000,0.063780,0.283202,0.521590,0.070418,0.329448,0.551962,0.054005,0.276576,0.577748
4.410000,0.064115,0.279845,0.523984,0.070447,0.325463,0.555411,0.054596,0.271979,0.580066
4.420000,0.064444,0.276697,0.526546,0.070477,0.321273,0.558679,0.055001,0.269015,0.583292
4.430000,0.064885,0.273179,0.528816,0.070584,0.317045,0.561921,0.055892,0.263866,0.585342
4.440000,0.065165,0.269838,0.531007,0.070796,0.312822,0.565073,0.056942,0.258796,0.587310
4.450000,0.065541,0.266278,0.533247,0.071138,0.308521,0.568217,0.059199,0.246545,0.588943
4.460000,0.065591,0.262293,0.535373,0.071653,0.304183,0.571334,0.060016,0.241810,0.590863
4.470000,0.066148,0.258650,0.537569,0.072197,0.299714,0.574484,0.061014,0.236512,0.592738
4.480000,0.066831,0.254688,0.539358,0.072929,0.295075,0.577541,0.061388,0.233892,0.593700
4.490000,0.067781,0.251520,0.540221,0.073652,0.290295,0.580526,0.062354,0.228528,0.595406
4.500000,0.068488,0.247341,0.542299,0.074343,0.285432,0.583477,0.063431,0.223042,0.597013
4.510000,0.069225,0.243308,0.545656,0.075102,0.280520,0.586395,0.064704,0.218398,0.598058
4.520000,0.069014,0.238308,0.546367,0.075926,0.275312,0.589430,0.065637,0.211953,0.600031
4.530000,0.069743,0.234352,0.548460,0.076860,0.270347,0.592257,0.066362,0.207850,0.601156
4.540000,0.071334,0.230684,0.550852,0.077883,0.265247,0.595049,0.067359,0.202386,0.602699
4.550000,0.072438,0.226171,0.554095,0.078930,0.260017,0.597785,0.068346,0.197090,0.604114
4.560000,0.073123,0.221798,0.555857,0.079969,0.254561,0.600350,0.069416,0.191340,0.605426
4.570000,0.074010,0.217188,0.557697,0.080918,0.249006,0.602834,0.070465,0.185463,0.606499
4.580000,0.075799,0.211291,0.558731,0.081926,0.243469,0.605254,0.071562,0.179825,0.607453
4.590000,0.076709,0.206939,0.560307,0.082966,0.237982,0.607626,0.072635,0.174326,0.608355
4.600000,0.076973,0.204040,0.562611,0.084094,0.232602,0.609997,0.073799,0.168787,0.609209
4.610000,0.077948,0.199807,0.564405,0.085340,0.227405,0.612151,0.075020,0.163516,0.610293
4.620000,0.079777,0.193523,0.565511,0.086679,0.222108,0.614366,0.075785,0.158605,0.610687
4.630000,0.080636,0.189301,0.567149,0.088114,0.216762,0.616471,0.077847,0.152798,0.612094
4.640000,0.080952,0.186108,0.568849,0.089528,0.211394,0.618442,0.079478,0.146610,0.612983
4.650000,0.081953,0.181908,0.570222,0.090995,0.206161,0.620324,0.080366,0.142774,0.613416
4.660000,0.083119,0.177774,0.571522,0.092435,0.200961,0.622070,0.082078,0.136852,0.613962
4.670000,0.084246,0.173899,0.572528,0.093847,0.195874,0.623781,0.083722,0.131894,0.614267
4.680000,0.085233,0.170140,0.573727,0.095406,0.190959,0.625342,0.085398,0.126437,0.614721
4.690000,0.086203,0.166349,0.575149,0.096986,0.186007,0.626864,0.086521,0.122684,0.614946
4.700000,0.087256,0.162556,0.576240,0.098657,0.181100,0.628097,0.088273,0.117703,0.615265
4.710000,0.088182,0.158783,0.577111,0.100331,0.176048,0.629349,0.089836,0.112354,0.615371
4.720000,0.089178,0.154986,0.578001,0.101927,0.170973,0.630411,0.091393,0.107655,0.615212
4.730000,0.090274,0.151172,0.578581,0.103553,0.165925,0.631251,0.092991,0.102201,0.615011
4.740000,0.091136,0.147357,0.579195,0.105009,0.160892,0.631972,0.094323,0.098001,0.614411
4.750000,0.092512,0.143873,0.579308,0.106545,0.156114,0.632601,,,
4.760000,0.093385,0.140476,0.580134,0.108179,0.151810,0.633378,0.097241,0.088789,0.613435
4.770000,0.094478,0.137356,0.580620,0.109899,0.147053,0.633813,,,
4.780000,0.095235,0.134082,0.581287,0.111715,0.142951,0.634616,0.099183,0.081795,0.612617
4.790000,0.096194,0.131027,0.581965,0.113617,0.138693,0.635187,0.100236,0.078579,0.612287
4.800000,0.097168,0.128055,0.582633,0.115417,0.134455,0.635676,0.101668,0.074617,0.612014
4.810000,0.097987,0.124818,0.583117,0.117110,0.130153,0.636073,0.102607,0.070665,0.611505
4.820000,0.098937,0.121981,0.583526,0.118699,0.125912,0.636348,0.103845,0.066873,0.610919
4.830000,0.099834,0.119322,0.583883,0.120212,0.121869,0.636549,0.104562,0.064313,0.610032
4.840000,0.100771,0.116557,0.584154,0.121730,0.117845,0.636634,0.105583,0.061123,0.609306
4.850000,0.101693,0.114090,0.584564,0.123333,0.114012,0.636746,0.106216,0.058753,0.608571
4.860000,0.102699,0.111847,0.585178,0.125008,0.110277,0.636877,0.107001,0.056213,0.608071
4.870000,0.103615,0.109344,0.585738,0.126710,0.106355,0.637088,0.107622,0.053988,0.607614
4.880000,0.104420,0.106743,0.586376,0.128428,0.102795,0.637169,0.108298,0.051769,0.607171
4.890000,0.105173,0.104134,0.586941,0.129922,0.098925,0.637365,0.108742,0.048984,0.606698
4.900000,0.105693,0.101269,0.587245,0.131290,0.095441,0.637314,0.109189,0.046789,0.606065
4.910000,0.106400,0.099127,0.587658,0.132564,0.091877,0.637231,0.107281,0.045291,0.605210
4.920000,0.107216,0.096969,0.588042,0.133932,0.088467,0.637031,0.110016,0.041260,0.604672
4.930000,0.107933,0.094573,0.588198,0.135345,0.085123,0.636763,0.110359,0.039219,0.603890
4.940000,0.108847,0.092749,0.588526,0.136896,0.081883,0.636330,0.111068,0.036699,0.603247
4.950000,0.109894,0.090909,0.588776,0.138592,0.078906,0.635875,0.111840,0.034389,0.602574
4.960000,0.110990,0.089327,0.588980,0.140328,0.076034,0.635349,0.112693,0.032089,0.601881
4.970000,0.112215,0.087948,0.589236,0.142192,0.073509,0.634736,0.113711,0.030099,0.601225
4.980000,0.113358,0.086422,0.589333,0.144003,0.071104,0.634128,0.114641,0.028313,0.600509
4.990000,0.114485,0.085203,0.589435,0.145697,0.068840,0.633479,0.115682,0.026723,0.599665
5.000000,0.115609,0.083855,0.589496,0.147293,0.066591,0.632776,0.116762,0.024909,0.598907
5.010000,0.116739,0.082484,0.589477,0.148882,0.064357,0.632114,0.116743,0.024713,0.597498
5.020000,0.117825,0.081247,0.589413,0.150494,0.062343,0.631311,0.117830,0.023289,0.596585
5.030000,0.119033,0.080117,0.589249,0.152060,0.060433,0.630405,0.118848,0.022073,0.595612
5.040000,0.120196,0.078979,0.588896,0.153589,0.058751,0.629515,0.119738,0.021142,0.594720
5.050000,0.121239,0.078011,0.588627,0.155007,0.057085,0.628579,0.120535,0.019952,0.593737
5.060000,0.122257,0.077089,0.588295,0.156368,0.055515,0.627630,0.121309,0.018730,0.592759
5.070000,0.123118,0.076189,0.587973,0.157495,0.054000,0.626687,0.122112,0.018523,0.591933
5.080000,0.123876,0.075363,0.587553,0.158508,0.052665,0.625728,0.122658,0.017730,0.590948
5.090000,0.124475,0.074698,0.587160,0.159556,0.051974,0.625016,0.123088,0.017007,0.589919
5.100000,0.125293,0.074250,0.586656,0.160236,0.050414,0.623772,0.123491,0.016310,0.588869
5.110000,0.125785,0.073699,0.586157,0.160773,0.048891,0.622650,0.123816,0.015812,0.587881
5.120000,0.126297,0.073213,0.585737,0.161548,0.048012,0.621705,0.124091,0.015438,0.586967
5.130000,0.126791,0.072789,0.585376,0.162467,0.047525,0.620873,0.124443,0.014946,0.586105
5.140000,0.127320,0.072381,0.585043,0.163222,0.046697,0.619928,0.124879,0.014475,0.585317
5.150000,0.127915,0.072058,0.584765,0.164039,0.045983,0.619102,0.125320,0.014128,0.584598
5.160000,0.128515,0.071706,0.584496,0.164850,0.045339,0.618327,0.125765,0.013825,0.583997
5.170000,0.129078,0.071360,0.584231,0.165724,0.044731,0.617596,0.126239,0.013492,0.583420
5.180000,0.129606,0.071065,0.583987,0.166579,0.044199,0.616876,0.126747,0.013203,0.582885
5.190000,0.130135,0.070761,0.583737,0.167418,0.043680,0.616123,0.127330,0.012787,0.582294
5.200000,0.130685,0.070411,0.583431,0.168195,0.043158,0.615330,0.127815,0.012491,0.581726
5.210000,0.131218,0.070126,0.583105,0.168949,0.042674,0.614527,0.128303,0.012205,0.581131
5.220000,0.131660,0.069820,0.582745,0.169618,0.042184,0.613782,0.128698,0.011928,0.580523
5.230000,0.132072,0.069616,0.582407,0.170248,0.041824,0.613047,0.129107,0.011747,0.579952
5.240000,0.132447,0.069438,0.582052,0.170798,0.041564,0.612313,0.129480,0.011629,0.579355
5.250000,0.132881,0.069368,0.581675,0.171420,0.041296,0.611544,0.129813,0.011601,0.578789
5.260000,0.133361,0.069351,0.581213,0.171979,0.041124,0.610783,0.130147,0.011621,0.578166
5.270000,0.133812,0.069307,0.580726,0.172581,0.040979,0.610014,0.130483,0.011692,0.577545
5.280000,0.134272,0.069314,0.580303,0.173189,0.040765,0.609240,0.130855,0.011643,0.576935
5.290000,0.134751,0.069339,0.579908,0.173800,0.040635,0.608486,0.131202,0.011638,0.576372
5.300000,0.135266,0.069356,0.579570,0.174374,0.040445,0.607825,0.131525,0.011659,0.575944
5.310000,0.135695,0.069273,0.579227,0.174921,0.040241,0.607192,0.131881,0.011580,0.575507
5.320000,0.136138,0.069145,0.578893,0.175460,0.040028,0.606609,0.132217,0.011572,0.575079
5.330000,0.136551,0.068929,0.578552,0.175930,0.039769,0.606102,0.132583,0.011421,0.574641
5.340000,0.136907,0.068786,0.578252,0.176394,0.039497,0.605612,0.132912,0.011260,0.574184
5.350000,0.137247,0.068629,0.578004,0.176755,0.039164,0.605176,0.133199,0.010982,0.573766
5.360000,0.137528,0.068408,0.577751,0.177063,0.038902,0.604802,0.133441,0.010823,0.573441
5.370000,0.137810,0.068172,0.577502,0.177359,0.038640,0.604483,0.133657,0.010682,0.573133
5.380000,0.138092,0.067941,0.577236,0.177609,0.038392,0.604224,0.133906,0.010447,0.572828
5.390000,0.138480,0.067190,0.577166,0.177879,0.038092,0.603984,0.134163,0.010237,0.572540
5.400000,0.138672,0.067435,0.576764,0.178100,0.037778,0.603774,0.134413,0.010020,0.572272
5.410000,0.138955,0.067227,0.576532,0.178309,0.037522,0.603615,0.134649,0.009784,0.572047
5.420000,0.139217,0.066937,0.576274,0.178486,0.037241,0.603542,0.134851,0.009587,0.571861
5.430000,0.139430,0.066761,0.576156,0.178590,0.037039,0.603548,0.135073,0.009330,0.571726
5.440000,0.139666,0.066675,0.576097,0.178632,0.036842,0.603633,0.135227,0.009199,0.571674
5.450000,0.139840,0.066547,0.576046,0.178670,0.036713,0.603723,0.135368,0.009072,0.571634
5.460000,0.140015,0.066460,0.576026,0.178709,0.036580,0.603819,0.135469,0.008962,0.571597
5.470000,0.140203,0.066338,0.575960,0.178755,0.036423,0.603875,0.135565,0.008847,0.571533
5.480000,0.140383,0.066228,0.575896,0.178788,0.036206,0.603890,0.135611,0.008767,0.571451
5.490000,0.140578,0.066141,0.575851,0.178850,0.036033,0.603901,0.135710,0.008613,0.571360
5.500000,0.140748,0.066025,0.575783,0.178890,0.035778,0.603922,0.135740,0.008504,0.571277
5.510000,0.140998,0.065380,0.575886,0.178909,0.035601,0.603963,0.135749,0.008467,0.571247
5.520000,0.141017,0.065825,0.575751,0.178902,0.035416,0.604038,0.135750,0.008361,0.571224
5.530000,0.141223,0.065198,0.575898,0.178873,0.035261,0.604127,0.135717,0.008283,0.571238
5.540000,0.141320,0.065120,0.575875,0.178831,0.035069,0.604199,0.135664,0.008220,0.571223
5.550000,0.141390,0.064984,0.575853,0.178788,0.034849,0.604211,0.135604,0.008140,0.571156
5.560000,0.141347,0.065373,0.575679,0.178742,0.034547,0.604138,0.135539,0.007969,0.571045
5.570000,0.141390,0.065211,0.575630,0.178702,0.034229,0.604032,0.135419,0.007846,0.570898
5.580000,0.141434,0.065021,0.575529,0.178665,0.033880,0.603880,0.135343,0.007644,0.570742
5.590000,0.141455,0.064850,0.575429,0.178601,0.033525,0.603740,0.135242,0.007456,0.570574
5.600000,0.141476,0.064642,0.575327,0.178537,0.033217,0.603612,0.135126,0.007372,0.570402
5.610000,0.141471,0.064438,0.575221,0.178442,0.032951,0.603516,0.135040,0.007143,0.570232
5.620000,0.141456,0.064247,0.575146,0.178333,0.032641,0.603434,0.134958,0.006931,0.570055
5.630000,0.141428,0.064040,0.575053,0.178242,0.032325,0.603331,0.134883,0.006697,0.569880
5.640000,0.141411,0.063777,0.574935,0.178146,0.031987,0.603196,0.134805,0.006477,0.569696
5.650000,0.141435,0.063585,0.574839,0.178126,0.031685,0.603039,0.134757,0.006242,0.569488
5.660000,0.141487,0.063354,0.574723,0.178155,0.031389,0.602847,0.134754,0.005972,0.569267
5.670000,0.141554,0.063132,0.574603,0.178187,0.031094,0.602663,0.134730,0.005810,0.569072
5.680000,0.141631,0.062946,0.574491,0.178230,0.030816,0.602489,0.134750,0.005643,0.568889
5.690000,0.141683,0.062780,0.574388,0.178255,0.030566,0.602343,0.134757,0.005569,0.568739
5.700000,0.141737,0.062617,0.574313,0.178291,0.030359,0.602234,0.134781,0.005408,0.568599
5.710000,0.141782,0.062534,0.574240,0.178315,0.030197,0.602143,0.134768,0.005327,0.568472
5.720000,0.141834,0.062405,0.574144,0.178337,0.030031,0.602048,0.134806,0.005275,0.568348
5.730000,0.141904,0.062307,0.574071,0.178393,0.029907,0.601943,0.134794,0.005240,0.568219
5.740000,0.141995,0.062253,0.574005,0.178485,0.029751,0.601840,0.134901,0.005084,0.568075
5.750000,0.142120,0.062149,0.573930,0.178591,0.029632,0.601742,0.134983,0.005016,0.567959
5.760000,0.142241,0.062075,0.573901,0.178706,0.029532,0.601671,0.135055,0.004984,0.567886
5.770000,0.142395,0.062036,0.573917,0.178837,0.029462,0.601654,0.135184,0.004939,0.567887
5.780000,0.142528,0.062010,0.573950,0.178964,0.029413,0.601682,0.135327,0.004893,0.567908
5.790000,0.142701,0.062050,0.574060,0.179082,0.029369,0.601734,0.135448,0.004896,0.567959
5.800000,0.142851,0.062051,0.574135,0.179260,0.029394,0.601803,0.135638,0.004817,0.568012
5.810000,0.143030,0.062018,0.574193,0.179420,0.029355,0.601856,0.135761,0.004829,0.568094
5.820000,0.143202,0.062059,0.574285,0.179601,0.029336,0.601900,0.135931,0.004839,0.568162
5.830000,0.143400,0.062045,0.574377,0.179804,0.029340,0.601978,0.136045,0.004900,0.568251
5.840000,0.143582,0.062042,0.574462,0.179990,0.029330,0.602078,0.136209,0.004877,0.568356
5.850000,0.143740,0.062048,0.574580,0.180165,0.029355,0.602204,0.136328,0.004953,0.568497
5.860000,0.143907,0.062103,0.574713,0.180329,0.029402,0.602358,0.136493,0.004979,0.568663
5.870000,0.144043,0.062122,0.574844,0.180491,0.029518,0.602544,0.136659,0.005001,0.568841
5.880000,0.144178,0.062170,0.574985,0.180624,0.029511,0.602715,0.136807,0.004991,0.569001
5.890000,0.144314,0.062225,0.575116,0.180732,0.029549,0.602861,0.136957,0.005035,0.569179
5.900000,0.144427,0.062279,0.575232,0.180843,0.029601,0.602988,0.137083,0.005045,0.569324
5.910000,0.144539,0.062335,0.575337,0.180961,0.029608,0.603100,0.137192,0.005110,0.569494
5.920000,0.144651,0.062378,0.575444,0.181084,0.029686,0.603218,0.137296,0.005194,0.569651
5.930000,0.144769,0.062426,0.575554,0.181214,0.029746,0.603335,0.137443,0.005255,0.569793
5.940000,0.144897,0.062529,0.575694,0.181366,0.029845,0.603468,0.137580,0.005293,0.569922
5.950000,0.145018,0.062537,0.575804,0.181520,0.029941,0.603576,0.137748,0.005314,0.570049
5.960000,0.145182,0.062568,0.575926,0.181675,0.029998,0.603664,0.137884,0.005407,0.570176
5.970000,0.145299,0.062641,0.576040,0.181855,0.030089,0.603792,0.138016,0.005414,0.570272
5.980000,0.145401,0.062617,0.576114,0.181982,0.030159,0.603885,0.138125,0.005450,0.570373
5.990000,0.145491,0.062647,0.576211,0.182086,0.030188,0.603958,0.138273,0.005361,0.570469
6.000000,0.145580,0.062625,0.576263,0.182170,0.030198,0.604022,0.138340,0.005364,0.570556
6.010000,0.145643,0.062628,0.576300,0.182255,0.030202,0.604050,0.138419,0.005396,0.570615
6.020000,0.145709,0.062596,0.576337,0.182324,0.030198,0.604078,0.138493,0.005351,0.570654
6.030000,0.145748,0.062557,0.576339,0.182387,0.030173,0.604079,0.138545,0.005305,0.570685
6.040000,0.145810,0.062514,0.576337,0.182454,0.030126,0.604061,0.138606,0.005268,0.570696
6.050000,0.145863,0.062480,0.576337,0.182524,0.030097,0.604056,0.138666,0.005237,0.570682
6.060000,0.145921,0.062446,0.576328,0.182579,0.030060,0.604039,0.138747,0.005160,0.570675
6.070000,0.145975,0.062405,0.576316,0.182648,0.030016,0.604033,0.138810,0.005140,0.570663
6.080000,0.146029,0.062360,0.576313,0.182709,0.029959,0.604026,0.138875,0.005093,0.570661
6.090000,0.146084,0.062320,0.576291,0.182778,0.029943,0.603984,0.138947,0.005056,0.570635
6.100000,0.146142,0.062250,0.576264,0.182844,0.029885,0.603926,0.138994,0.005012,0.570600
6.110000,0.146204,0.062210,0.576226,0.182913,0.029813,0.603849,0.139039,0.004935,0.570525
6.120000,0.146279,0.062196,0.576195,0.182976,0.029719,0.603766,0.139056,0.004941,0.570472
6.130000,0.146296,0.062104,0.576114,0.183032,0.029640,0.603662,0.139108,0.004814,0.570380
6.140000,0.146373,0.062070,0.576067,0.183078,0.029542,0.603564,0.139132,0.004762,0.570302
6.150000,0.146416,0.061995,0.576004,0.183099,0.029458,0.603470,0.139150,0.004710,0.570210
6.160000,0.146429,0.061934,0.575925,0.183124,0.029374,0.603379,0.139161,0.004658,0.570110
6.170000,0.146452,0.061870,0.575847,0.183129,0.029274,0.603290,0.139180,0.004594,0.570017
6.180000,0.146467,0.061810,0.575791,0.183144,0.029187,0.603207,0.139174,0.004536,0.569944
6.190000,0.146452,0.061707,0.575693,0.183158,0.029087,0.603113,0.139158,0.004500,0.569876
6.200000,0.146515,0.061662,0.575643,0.183199,0.028999,0.603013,0.139164,0.004465,0.569770
6.210000,0.146519,0.061584,0.575549,0.183256,0.028887,0.602916,0.139195,0.004386,0.569654
6.220000,0.146562,0.061575,0.575469,0.183315,0.028806,0.602816,0.139215,0.004327,0.569547
6.230000,0.146602,0.061475,0.575385,0.183351,0.028758,0.602733,0.139236,0.004303,0.569457
6.240000,0.146694,0.061466,0.575358,0.183395,0.028718,0.602666,0.139271,0.004245,0.569390
6.250000,0.146726,0.061365,0.575275,0.183414,0.028637,0.602608,0.139308,0.004175,0.569320
6.260000,0.146763,0.061342,0.575236,0.183450,0.028595,0.602563,0.139336,0.004186,0.569270
6.270000,0.146811,0.061290,0.575195,0.183493,0.028549,0.602503,0.139356,0.004137,0.569223
6.280000,0.146854,0.061234,0.575149,0.183531,0.028479,0.602446,0.139380,0.004117,0.569173
6.290000,0.146892,0.061201,0.575116,0.183561,0.028413,0.602381,0.139391,0.004056,0.569124
6.300000,0.146918,0.061151,0.575082,0.183593,0.028339,0.602330,0.139399,0.004013,0.569076
6.310000,0.146947,0.061098,0.575058,0.183598,0.028295,0.602295,0.139411,0.003978,0.569059
6.320000,0.146959,0.061052,0.575035,0.183623,0.028239,0.602268,0.139410,0.003949,0.569017
6.330000,0.146998,0.060968,0.575000,0.183636,0.028178,0.602242,0.139430,0.003881,0.568978
6.340000,0.147020,0.060940,0.574959,0.183660,0.028148,0.602198,0.139446,0.003827,0.568956
6.350000,0.147060,0.060901,0.574926,0.183691,0.028092,0.602163,0.139467,0.003826,0.568923
6.360000,0.147107,0.060881,0.574903,0.183745,0.028041,0.602126,0.139506,0.003787,0.568888
6.370000,0.147158,0.060851,0.574888,0.183806,0.028006,0.602086,0.139561,0.003750,0.568861
6.380000,0.147235,0.060847,0.574877,0.183886,0.027966,0.602053,0.139611,0.003764,0.568852
6.390000,0.147313,0.060811,0.574860,0.183955,0.027900,0.602028,0.139683,0.003704,0.568844
6.400000,0.147390,0.060778,0.574870,0.184044,0.027920,0.602015,0.139744,0.003709,0.568838
6.410000,0.147467,0.060788,0.574871,0.184126,0.027893,0.602000,0.139814,0.003677,0.568853
6.420000,0.147546,0.060752,0.574869,0.184207,0.027827,0.601986,0.139885,0.003660,0.568858
6.430000,0.147637,0.060723,0.574873,0.184293,0.027793,0.601963,0.139986,0.003592,0.568848
6.440000,0.147730,0.060694,0.574843,0.184383,0.027748,0.601944,0.140030,0.003624,0.568830
6.450000,0.147820,0.060643,0.574825,0.184453,0.027715,0.601907,0.140126,0.003551,0.568816
6.460000,0.147910,0.060604,0.574806,0.184536,0.027669,0.601880,0.140197,0.003504,0.568793
6.470000,0.147981,0.060553,0.574804,0.184625,0.027629,0.601864,0.140271,0.003461,0.568775
6.480000,0.148068,0.060499,0.574788,0.184703,0.027588,0.601852,0.140345,0.003431,0.568765
6.490000,0.148147,0.060455,0.574796,0.184778,0.027512,0.601836,0.140391,0.003411,0.568772
6.500000,0.148225,0.060389,0.574771,0.184848,0.027443,0.601832,0.140488,0.003332,0.568778
6.510000,0.148297,0.060356,0.574760,0.184930,0.027399,0.601813,0.140562,0.003265,0.568761
6.520000,0.148381,0.060333,0.574737,0.185004,0.027338,0.601778,0.140615,0.003229,0.568738
6.530000,0.148468,0.060279,0.574717,0.185093,0.027280,0.601748,0.140672,0.003234,0.568716
6.540000,0.148562,0.060263,0.574690,0.185187,0.027237,0.601717,0.140766,0.003165,0.568687
6.550000,0.148656,0.060199,0.574665,0.185283,0.027200,0.601689,0.140829,0.003139,0.568657
6.560000,0.148763,0.060220,0.574671,0.185360,0.027175,0.601664,0.140916,0.003121,0.568648
6.570000,0.148847,0.060192,0.574641,0.185467,0.027150,0.601640,0.140995,0.003120,0.568614
6.580000,0.148947,0.060161,0.574620,0.185560,0.027119,0.601582,0.141081,0.003088,0.568582
6.590000,0.149043,0.060172,0.574580,0.185660,0.027076,0.601535,0.141175,0.003061,0.568552
6.600000,0.149111,0.060200,0.574548,0.185748,0.027083,0.601469,0.141241,0.003082,0.568505
6.610000,0.149186,0.060198,0.574500,0.185813,0.027085,0.601414,0.141292,0.003109,0.568458
6.620000,0.149248,0.060214,0.574462,0.185915,0.027135,0.601398,0.141385,0.003065,0.568425
6.630000,0.149310,0.060221,0.574464,0.185961,0.027154,0.601353,0.141418,0.003104,0.568379
6.640000,0.149354,0.060270,0.574430,0.186017,0.027192,0.601300,0.141454,0.003142,0.568339
6.650000,0.149378,0.060285,0.574358,0.186050,0.027210,0.601241,0.141484,0.003184,0.568298
6.660000,0.149420,0.060319,0.574316,0.186085,0.027241,0.601201,0.141536,0.003204,0.568251
6.670000,0.149447,0.060376,0.574273,0.186128,0.027284,0.601150,0.141557,0.003266,0.568224
6.680000,0.149493,0.060409,0.574236,0.186173,0.027323,0.601112,0.141599,0.003261,0.568181
6.690000,0.149526,0.060448,0.574218,0.186213,0.027375,0.601093,0.141655,0.003286,0.568187
