Time,org_x,org_y,org_z,xvec_x,xvec_y,xvec_z,zvec_x,zvec_y,zvec_z
0.000000,0.725604,0.042920,-0.007696,0.699787,0.059637,-0.059205,0.754259,0.033272,-0.046478
0.010000,0.725613,0.042936,-0.007711,0.699788,0.059651,-0.059217,0.754255,0.033175,-0.046554
0.020000,0.725621,0.042968,-0.007713,0.699805,0.059681,-0.059229,0.754280,0.033319,-0.046488
0.030000,0.725630,0.042983,-0.007740,0.699804,0.059730,-0.059248,0.754286,0.033308,-0.046545
0.040000,0.725651,0.042988,-0.007761,0.699818,0.059745,-0.059260,0.754285,0.033290,-0.046603
0.050000,0.725658,0.043021,-0.007770,0.699823,0.059765,-0.059273,0.754304,0.033308,-0.046623
0.060000,0.725674,0.043039,-0.007788,0.699826,0.059767,-0.059298,0.754297,0.033266,-0.046682
0.070000,0.725684,0.043042,-0.007801,0.699830,0.059782,-0.059301,0.754299,0.033259,-0.046700
0.080000,0.725693,0.043051,-0.007811,0.699834,0.059789,-0.059300,0.754300,0.033212,-0.046756
0.090000,0.725699,0.043066,-0.007814,0.699837,0.059787,-0.059308,0.754336,0.033347,-0.046665
0.100000,0.725708,0.043074,-0.007814,0.699850,0.059803,-0.059310,0.754310,0.033264,-0.046736
0.110000,0.725715,0.043070,-0.007818,0.699844,0.059813,-0.059307,0.754357,0.033425,-0.046629
0.120000,0.725718,0.043069,-0.007819,0.699850,0.059805,-0.059307,0.754342,0.033343,-0.046697
0.130000,0.725729,0.043080,-0.007814,0.699856,0.059808,-0.059320,0.754343,0.033335,-0.046686
0.140000,0.725726,0.043071,-0.007817,0.699856,0.059771,-0.059313,0.754359,0.033349,-0.046663
0.150000,0.725730,0.043047,-0.007809,0.699853,0.059769,-0.059301,0.754348,0.033352,-0.046637
0.160000,0.725722,0.043029,-0.007798,0.699842,0.059745,-0.059291,0.754371,0.033444,-0.046557
0.170000,0.725700,0.043027,-0.007774,0.699842,0.059746,-0.059272,0.754336,0.033327,-0.046616
0.180000,0.725706,0.043011,-0.007761,0.699829,0.059733,-0.059256,0.754310,0.033275,-0.046615
0.190000,0.725697,0.043009,-0.007741,0.699828,0.059729,-0.059246,0.754346,0.033359,-0.046525
0.200000,0.725687,0.042994,-0.007725,0.699829,0.059684,-0.059217,0.754324,0.033340,-0.046517
0.210000,0.725678,0.043000,-0.007679,0.699829,0.059707,-0.059195,0.754319,0.033232,-0.046536
0.220000,0.725675,0.042977,-0.007646,0.699841,0.059670,-0.059150,0.754320,0.033217,-0.046505
0.230000,0.725674,0.042986,-0.007596,0.699850,0.059657,-0.059117,0.754313,0.033149,-0.046489
0.240000,0.725654,0.042987,-0.007545,0.699854,0.059662,-0.059078,0.754300,0.033127,-0.046438
0.250000,0.725652,0.042979,-0.007497,0.699857,0.059670,-0.059028,0.754320,0.033291,-0.046273
0.260000,0.725652,0.042976,-0.007446,0.699862,0.059676,-0.058991,0.754321,0.033249,-0.046257
0.270000,0.725646,0.042979,-0.007399,0.699869,0.059676,-0.058953,0.754371,0.033447,-0.046065
0.280000,0.725658,0.042992,-0.007348,0.699899,0.059702,-0.058896,0.754364,0.033308,-0.046108
0.290000,0.725670,0.043000,-0.007298,0.699930,0.059712,-0.058850,0.754369,0.033267,-0.046086
0.300000,0.725706,0.043006,-0.007238,0.699967,0.059704,-0.058786,0.754418,0.033358,-0.045936
0.310000,0.725721,0.043033,-0.007145,0.700004,0.059707,-0.058731,0.754455,0.033366,-0.045866
0.320000,0.725741,0.043045,-0.007071,0.700039,0.059702,-0.058665,0.754485,0.033453,-0.045722
0.330000,0.725765,0.043036,-0.007006,0.699917,0.059690,-0.058752,0.754521,0.033458,-0.045655
0.340000,0.725784,0.043033,-0.006945,0.699959,0.059692,-0.058689,0.754547,0.033447,-0.045580
0.350000,0.725801,0.043025,-0.006889,0.699976,0.059686,-0.058636,0.754550,0.033329,-0.045587
0.360000,0.725821,0.043012,-0.006822,0.700007,0.059676,-0.058575,0.754585,0.033425,-0.045432
0.370000,0.725852,0.042985,-0.006766,0.700032,0.059662,-0.058506,0.754609,0.033340,-0.045415
0.380000,0.725867,0.042993,-0.006703,0.700048,0.059672,-0.058429,0.754590,0.033188,-0.045444
0.390000,0.725897,0.042959,-0.006649,0.700091,0.059695,-0.058363,0.754648,0.033254,-0.045313
0.400000,0.725927,0.042946,-0.006601,0.700120,0.059670,-0.058307,0.754666,0.033179,-0.045300
0.410000,0.725947,0.042934,-0.006551,0.700152,0.059644,-0.058247,0.754695,0.033103,-0.045265
0.420000,0.725977,0.042911,-0.006500,0.700199,0.059623,-0.058200,0.754711,0.033082,-0.045207
0.430000,0.726002,0.042873,-0.006457,0.700226,0.059599,-0.058147,0.754738,0.032989,-0.045172
0.440000,0.726014,0.042852,-0.006413,0.700245,0.059557,-0.058110,0.754779,0.033073,-0.045054
0.450000,0.726032,0.042833,-0.006361,0.700254,0.059545,-0.058058,0.754760,0.032900,-0.045091
0.460000,0.726048,0.042822,-0.006304,0.700265,0.059469,-0.058029,0.754817,0.033037,-0.044934
0.470000,0.726063,0.042787,-0.006257,0.700292,0.059470,-0.057989,0.754833,0.033009,-0.044888
0.480000,0.726093,0.042759,-0.006241,0.700315,0.059429,-0.057961,0.754840,0.032879,-0.044913
0.490000,0.726113,0.042751,-0.006220,0.700349,0.059399,-0.057950,0.754874,0.032920,-0.044828
0.500000,0.726138,0.042726,-0.006224,0.700383,0.059374,-0.057951,0.754897,0.032842,-0.044844
0.510000,0.726158,0.042716,-0.006198,0.700419,0.059344,-0.057931,0.754923,0.032824,-0.044837
0.520000,0.726179,0.042702,-0.006170,0.700587,0.059368,-0.057763,0.754955,0.032823,-0.044805
0.530000,0.726193,0.042708,-0.006157,0.700448,0.059340,-0.057886,0.754977,0.032815,-0.044774
0.540000,0.726206,0.042677,-0.006146,0.700600,0.059339,-0.057726,0.754967,0.032805,-0.044774
0.550000,0.726205,0.042690,-0.006132,0.700453,0.059321,-0.057860,0.754965,0.032753,-0.044829
0.560000,0.726210,0.042687,-0.006132,0.700465,0.059337,-0.057862,0.754974,0.032756,-0.044854
0.570000,0.726227,0.042702,-0.006146,0.700471,0.059330,-0.057867,0.754986,0.032735,-0.044877
0.580000,0.726226,0.042708,-0.006171,0.700629,0.059366,-0.057758,0.755007,0.032809,-0.044858
0.590000,0.726243,0.042704,-0.006189,0.700491,0.059362,-0.057931,0.754990,0.032717,-0.044974
0.600000,0.726247,0.042717,-0.006223,0.700502,0.059383,-0.057948,0.754994,0.032682,-0.045016
0.610000,0.726249,0.042733,-0.006253,0.700504,0.059396,-0.057980,0.755015,0.032660,-0.045074
0.620000,0.726254,0.042725,-0.006285,0.700503,0.059412,-0.058014,0.755024,0.032784,-0.045033
0.630000,0.726249,0.042750,-0.006317,0.700497,0.059434,-0.058037,0.755013,0.032873,-0.045022
0.640000,0.726241,0.042738,-0.006365,0.700491,0.059480,-0.058071,0.755023,0.032925,-0.045050
0.650000,0.726234,0.042744,-0.006398,0.700480,0.059473,-0.058109,0.755007,0.032890,-0.045127
0.660000,0.726231,0.042738,-0.006444,0.700478,0.059489,-0.058151,0.755014,0.032918,-0.045164
0.670000,0.726222,0.042756,-0.006482,0.700467,0.059511,-0.058190,0.754988,0.033022,-0.045156
0.680000,0.726207,0.042766,-0.006523,0.700444,0.059535,-0.058218,0.755000,0.033052,-0.045198
0.690000,0.726199,0.042789,-0.006560,0.700428,0.059542,-0.058271,0.754948,0.033012,-0.045306
0.700000,0.726180,0.042767,-0.006602,0.700411,0.059574,-0.058300,0.754920,0.033023,-0.045353
0.710000,0.726169,0.042800,-0.006635,0.700387,0.059578,-0.058333,0.754936,0.033118,-0.045357
0.720000,0.726144,0.042814,-0.006670,0.700371,0.059610,-0.058366,0.754926,0.033161,-0.045405
0.730000,0.726128,0.042821,-0.006725,0.700352,0.059627,-0.058428,0.754903,0.033169,-0.045446
0.740000,0.726118,0.042859,-0.006755,0.700344,0.059633,-0.058480,0.754885,0.033143,-0.045537
0.750000,0.726105,0.042895,-0.006799,0.700333,0.059677,-0.058524,0.754931,0.033434,-0.045411
0.760000,0.726102,0.042902,-0.006836,0.700337,0.059701,-0.058562,0.754864,0.033319,-0.045574
0.770000,0.726105,0.042957,-0.006855,0.700334,0.059761,-0.058585,0.754870,0.033389,-0.045572
0.780000,0.726095,0.042959,-0.006884,0.700338,0.059784,-0.058612,0.754857,0.033360,-0.045650
0.790000,0.726093,0.043041,-0.006894,0.700342,0.059806,-0.058636,0.754870,0.033376,-0.045684
0.800000,0.726095,0.043083,-0.006905,0.700339,0.059895,-0.058662,0.754879,0.033500,-0.045652
0.810000,0.726114,0.043128,-0.006919,0.700346,0.059930,-0.058682,0.754917,0.033605,-0.045613
0.820000,0.726118,0.043189,-0.006951,0.700357,0.059951,-0.058713,0.754910,0.033597,-0.045691
0.830000,0.726139,0.043220,-0.006957,0.700378,0.059980,-0.058725,0.754939,0.033581,-0.045760
0.840000,0.726169,0.043282,-0.006991,0.700409,0.060015,-0.058748,0.754972,0.033708,-0.045698
0.850000,0.726196,0.043330,-0.006990,0.700448,0.060090,-0.058735,0.755003,0.033746,-0.045718
0.860000,0.726224,0.043363,-0.007018,0.700476,0.060132,-0.058741,0.755028,0.033792,-0.045718
0.870000,0.726234,0.043416,-0.007025,0.700482,0.060190,-0.058740,0.755071,0.033913,-0.045672
0.880000,0.726251,0.043538,-0.006966,0.700501,0.060234,-0.058740,0.755083,0.033880,-0.045732
0.890000,0.726263,0.043594,-0.006976,0.700667,0.060271,-0.058597,0.755170,0.034119,-0.045592
0.900000,0.726298,0.043649,-0.006989,0.700684,0.060287,-0.058613,0.755176,0.034134,-0.045648
0.910000,0.726323,0.043713,-0.007015,0.700716,0.060359,-0.058626,0.755169,0.034029,-0.045786
0.920000,0.726374,0.043811,-0.007030,0.700765,0.060389,-0.058669,0.755235,0.034113,-0.045766
0.930000,0.726408,0.043884,-0.007044,0.700807,0.060474,-0.058705,0.755296,0.034221,-0.045768
0.940000,0.726447,0.043949,-0.007076,0.700846,0.060526,-0.058732,0.755322,0.034230,-0.045827
0.950000,0.726474,0.044044,-0.007087,0.700873,0.060589,-0.058756,0.755357,0.034279,-0.045850
0.960000,0.726488,0.044126,-0.007111,0.700893,0.060655,-0.058787,0.755374,0.034259,-0.045954
0.970000,0.726506,0.044236,-0.007139,0.700900,0.060739,-0.058813,0.755387,0.034448,-0.045915
0.980000,0.726518,0.044334,-0.007152,0.700911,0.060828,-0.058835,0.755497,0.034743,-0.045778
0.990000,0.726524,0.044396,-0.007176,0.700921,0.060881,-0.058843,0.755507,0.034888,-0.045782
1.000000,0.726540,0.044463,-0.007183,0.700931,0.060962,-0.058846,0.755521,0.034924,-0.045806
1.010000,0.726554,0.044542,-0.007176,0.700937,0.061010,-0.058852,0.755521,0.034997,-0.045808
1.020000,0.726560,0.044613,-0.007173,0.700943,0.061070,-0.058853,0.755539,0.035073,-0.045803
1.030000,0.726554,0.044659,-0.007178,0.700948,0.061131,-0.058854,0.755548,0.035206,-0.045765
1.040000,0.726559,0.044711,-0.007193,0.700948,0.061193,-0.058855,0.755517,0.035122,-0.045876
1.050000,0.726546,0.044739,-0.007213,0.700954,0.061245,-0.058869,0.755529,0.035266,-0.045846
1.060000,0.726549,0.044795,-0.007238,0.700941,0.061286,-0.058911,0.755546,0.035362,-0.045851
1.070000,0.726565,0.044829,-0.007291,0.700948,0.061328,-0.058942,0.755582,0.035536,-0.045812
1.080000,0.726591,0.044897,-0.007325,0.700970,0.061357,-0.058974,0.755608,0.035639,-0.045792
1.090000,0.726619,0.044934,-0.007359,0.700989,0.061411,-0.058991,0.755609,0.035591,-0.045887
1.100000,0.726651,0.044987,-0.007401,0.701005,0.061459,-0.059029,0.755648,0.035694,-0.045892
1.110000,0.726662,0.045044,-0.007453,0.701014,0.061494,-0.059083,0.755682,0.035838,-0.045869
1.120000,0.726680,0.045103,-0.007496,0.701026,0.061513,-0.059126,0.755706,0.035827,-0.045956
1.130000,0.726693,0.045151,-0.007540,0.701031,0.061553,-0.059168,0.755697,0.035841,-0.046036
1.140000,0.726718,0.045229,-0.007587,0.701043,0.061574,-0.059226,0.755733,0.035927,-0.046040
1.150000,0.726738,0.045270,-0.007648,0.701065,0.061609,-0.059292,0.755741,0.035892,-0.046167
1.160000,0.726759,0.045283,-0.007733,0.701075,0.061650,-0.059367,0.755768,0.035950,-0.046221
1.170000,0.726797,0.045357,-0.007785,0.701103,0.061644,-0.059439,0.755782,0.035967,-0.046308
1.180000,0.726805,0.045365,-0.007849,0.701104,0.061699,-0.059498,0.755822,0.036100,-0.046306
1.190000,0.726817,0.045376,-0.007903,0.701119,0.061724,-0.059560,0.755815,0.036037,-0.046462
1.200000,0.726824,0.045410,-0.007963,0.701127,0.061741,-0.059621,0.755804,0.035989,-0.046561
1.210000,0.726827,0.045419,-0.008023,0.701126,0.061782,-0.059676,0.755813,0.036063,-0.046616
1.220000,0.726793,0.045461,-0.008092,0.701115,0.061818,-0.059723,0.755813,0.036137,-0.046637
1.230000,0.726776,0.045465,-0.008155,0.701094,0.061830,-0.059790,0.755790,0.036158,-0.046710
1.240000,0.726773,0.045476,-0.008208,0.701079,0.061835,-0.059853,0.755787,0.036134,-0.046830
1.250000,0.726765,0.045461,-0.008281,0.701075,0.061852,-0.059911,0.755785,0.036216,-0.046847
1.260000,0.726763,0.045457,-0.008339,0.701070,0.061887,-0.059964,0.755778,0.036233,-0.046902
1.270000,0.726763,0.045443,-0.008389,0.701081,0.061881,-0.060016,0.755769,0.036171,-0.046996
1.280000,0.726770,0.045426,-0.008443,0.701088,0.061906,-0.060051,0.755775,0.036201,-0.047023
1.290000,0.726772,0.045425,-0.008494,0.701103,0.061907,-0.060087,0.755779,0.036227,-0.047058
1.300000,0.726775,0.045406,-0.008533,0.701108,0.061924,-0.060130,0.755775,0.036109,-0.047184
1.310000,0.726780,0.045420,-0.008582,0.701104,0.061970,-0.060173,0.755764,0.036117,-0.047249
1.320000,0.726765,0.045435,-0.008616,0.701109,0.061996,-0.060217,0.755777,0.036179,-0.047249
1.330000,0.726767,0.045449,-0.008672,0.701106,0.062031,-0.060259,0.755756,0.036123,-0.047376
1.340000,0.726756,0.045483,-0.008709,0.701099,0.062067,-0.060296,0.755779,0.036215,-0.047372
1.350000,0.726765,0.045511,-0.008754,0.701092,0.062103,-0.060353,0.755770,0.036228,-0.047444
1.360000,0.726780,0.045535,-0.008795,0.700965,0.062165,-0.060549,0.755779,0.036193,-0.047555
1.370000,0.726801,0.045573,-0.008837,0.701126,0.062174,-0.060438,0.755823,0.036292,-0.047546
1.380000,0.726817,0.045605,-0.008886,0.701146,0.062199,-0.060472,0.755825,0.036291,-0.047610
1.390000,0.726842,0.045644,-0.008907,0.701168,0.062257,-0.060500,0.755841,0.036266,-0.047693
1.400000,0.726859,0.045686,-0.008918,0.701203,0.062375,-0.060504,0.755850,0.036270,-0.047743
1.410000,0.726867,0.045734,-0.008937,0.701214,0.062446,-0.060511,0.755874,0.036368,-0.047723
1.420000,0.726870,0.045775,-0.008943,0.701211,0.062491,-0.060514,0.755877,0.036469,-0.047705
1.430000,0.726860,0.045849,-0.008928,0.701201,0.062541,-0.060511,0.755882,0.036566,-0.047701
1.440000,0.726861,0.045907,-0.008927,0.701193,0.062592,-0.060502,0.755886,0.036654,-0.047666
1.450000,0.726853,0.045955,-0.008911,0.701183,0.062637,-0.060490,0.755873,0.036679,-0.047695
1.460000,0.726859,0.046014,-0.008890,0.701180,0.062706,-0.060454,0.755906,0.036828,-0.047612
1.470000,0.726868,0.046045,-0.008858,0.701189,0.062727,-0.060433,0.755917,0.036914,-0.047548
1.480000,0.726881,0.046088,-0.008821,0.701213,0.062766,-0.060389,0.755937,0.036885,-0.047565
1.490000,0.726908,0.046130,-0.008781,0.701229,0.062802,-0.060353,0.755968,0.036982,-0.047480
1.500000,0.726920,0.046156,-0.008723,0.701256,0.062825,-0.060309,0.755977,0.036934,-0.047500
1.510000,0.726941,0.046229,-0.008664,0.701288,0.062860,-0.060282,0.756015,0.037044,-0.047391
1.520000,0.726945,0.046266,-0.008628,0.701296,0.062900,-0.060253,0.756007,0.036993,-0.047408
1.530000,0.726938,0.046309,-0.008593,0.701305,0.062915,-0.060216,0.756003,0.037035,-0.047353
1.540000,0.726932,0.046342,-0.008558,0.701316,0.062937,-0.060190,0.756042,0.037146,-0.047248
1.550000,0.726936,0.046360,-0.008521,0.701333,0.062943,-0.060164,0.756050,0.037174,-0.047205
1.560000,0.726948,0.046367,-0.008507,0.701357,0.062952,-0.060152,0.756042,0.036980,-0.047322
1.570000,0.726961,0.046399,-0.008461,0.701373,0.062954,-0.060135,0.756068,0.037066,-0.047219
1.580000,0.726972,0.046396,-0.008438,0.701410,0.062956,-0.060128,0.756109,0.037155,-0.047125
1.590000,0.726981,0.046408,-0.008423,0.701432,0.062946,-0.060116,0.756123,0.037079,-0.047142
1.600000,0.726990,0.046395,-0.008400,0.701447,0.062950,-0.060095,0.756129,0.037096,-0.047096
1.610000,0.726983,0.046398,-0.008367,0.701448,0.062927,-0.060076,0.756126,0.037015,-0.047119
1.620000,0.726963,0.046374,-0.008340,0.701442,0.062934,-0.060039,0.756126,0.037139,-0.047000
1.630000,0.726938,0.046358,-0.008298,0.701429,0.062917,-0.060008,0.756092,0.037034,-0.047029
1.640000,0.726912,0.046347,-0.008260,0.701397,0.062895,-0.059969,0.756077,0.037082,-0.046940
1.650000,0.726886,0.046333,-0.008222,0.701371,0.062866,-0.059924,0.756050,0.037083,-0.046875
1.660000,0.726854,0.046319,-0.008181,0.701347,0.062878,-0.059871,0.756027,0.037119,-0.046786
1.670000,0.726815,0.046270,-0.008118,0.701312,0.062851,-0.059822,0.755986,0.037050,-0.046772
1.680000,0.726773,0.046253,-0.008077,0.701284,0.062894,-0.059753,0.755992,0.037195,-0.046606
1.690000,0.726743,0.046222,-0.008027,0.701264,0.062892,-0.059694,0.755919,0.037053,-0.046652
1.700000,0.726701,0.046208,-0.007989,0.701237,0.062890,-0.059649,0.755864,0.036995,-0.046644
1.710000,0.726671,0.046208,-0.007944,0.701199,0.062887,-0.059604,0.755863,0.037099,-0.046519
1.720000,0.726651,0.046185,-0.007917,0.701185,0.062872,-0.059581,0.755833,0.037047,-0.046534
1.730000,0.726652,0.046186,-0.007880,0.701196,0.062879,-0.059537,0.755865,0.037132,-0.046436
1.740000,0.726672,0.046194,-0.007865,0.701207,0.062877,-0.059527,0.755876,0.037156,-0.046403
1.750000,0.726698,0.046184,-0.007834,0.701223,0.062890,-0.059489,0.755894,0.037155,-0.046354
1.760000,0.726722,0.046196,-0.007812,0.701253,0.062900,-0.059477,0.755902,0.037106,-0.046374
1.770000,0.726734,0.046200,-0.007797,0.701272,0.062897,-0.059457,0.755927,0.037116,-0.046351
1.780000,0.726757,0.046226,-0.007780,0.701280,0.062915,-0.059443,0.755973,0.037241,-0.046258
1.790000,0.726775,0.046244,-0.007758,0.701286,0.062930,-0.059417,0.755957,0.037187,-0.046316
1.800000,0.726791,0.046263,-0.007752,0.701316,0.062928,-0.059412,0.755995,0.037353,-0.046194
1.810000,0.726813,0.046297,-0.007744,0.701320,0.062979,-0.059412,0.756021,0.037320,-0.046243
1.820000,0.726847,0.046318,-0.007755,0.701344,0.062974,-0.059422,0.756026,0.037195,-0.046346
1.830000,0.726884,0.046366,-0.007740,0.701399,0.062979,-0.059422,0.756072,0.037376,-0.046246
1.840000,0.726919,0.046371,-0.007767,0.701423,0.062981,-0.059429,0.756097,0.037246,-0.046354
1.850000,0.726947,0.046398,-0.007765,0.701447,0.063002,-0.059442,0.756116,0.037288,-0.046352
1.860000,0.726971,0.046405,-0.007776,0.701463,0.063023,-0.059452,0.756136,0.037256,-0.046400
1.870000,0.726981,0.046399,-0.007782,0.701472,0.063017,-0.059454,0.756150,0.037236,-0.046425
1.880000,0.726985,0.046374,-0.007802,0.701475,0.063026,-0.059458,0.756133,0.037238,-0.046422
1.890000,0.726983,0.046372,-0.007813,0.701458,0.063035,-0.059466,0.756127,0.037215,-0.046463
1.900000,0.726975,0.046356,-0.007811,0.701446,0.063012,-0.059476,0.756089,0.037109,-0.046546
1.910000,0.726952,0.046353,-0.007815,0.701435,0.063018,-0.059460,0.756099,0.037210,-0.046455
1.920000,0.726938,0.046310,-0.007819,0.701402,0.063005,-0.059462,0.756065,0.037159,-0.046480
1.930000,0.726920,0.046294,-0.007801,0.701390,0.062998,-0.059435,0.756046,0.037168,-0.046443
1.940000,0.726890,0.046238,-0.007789,0.701364,0.062969,-0.059408,0.756032,0.037195,-0.046378
1.950000,0.726870,0.046203,-0.007776,0.701315,0.062929,-0.059383,0.755996,0.037186,-0.046346
1.960000,0.726833,0.046175,-0.007744,0.701282,0.062914,-0.059349,0.755968,0.037245,-0.046253
1.970000,0.726791,0.046124,-0.007718,0.701238,0.062880,-0.059315,0.755896,0.037107,-0.046304
1.980000,0.726751,0.046092,-0.007697,0.701184,0.062830,-0.059289,0.755868,0.037079,-0.046261
1.990000,0.726713,0.046068,-0.007661,0.701132,0.062799,-0.059244,0.755822,0.037093,-0.046219
2.000000,0.726680,0.046032,-0.007633,0.701058,0.062680,-0.059217,0.755788,0.037112,-0.046150
2.010000,0.726654,0.046006,-0.007599,0.700993,0.062575,-0.059192,0.755771,0.037122,-0.046074
2.020000,0.726622,0.045955,-0.007584,0.700964,0.062542,-0.059152,0.755723,0.037053,-0.046040
2.030000,0.726616,0.045916,-0.007554,0.700941,0.062483,-0.059130,0.755672,0.036814,-0.046133
2.040000,0.726601,0.045890,-0.007524,0.700926,0.062429,-0.059095,0.755667,0.036788,-0.046048
2.050000,0.726590,0.045849,-0.007484,0.700905,0.062365,-0.059061,0.755617,0.036643,-0.046089
2.060000,0.726566,0.045805,-0.007445,0.700876,0.062358,-0.059011,0.755628,0.036738,-0.045922
2.070000,0.726525,0.045742,-0.007421,0.700832,0.062280,-0.058984,0.755587,0.036580,-0.045951
2.080000,0.726502,0.045716,-0.007379,0.700794,0.062253,-0.058939,0.755562,0.036633,-0.045856
2.090000,0.726457,0.045698,-0.007352,0.700765,0.062196,-0.058902,0.755467,0.036382,-0.045965
2.100000,0.726425,0.045645,-0.007319,0.700722,0.062143,-0.058869,0.755399,0.036284,-0.045963
2.110000,0.726402,0.045581,-0.007262,0.700697,0.062105,-0.058829,0.755357,0.036144,-0.045983
2.120000,0.726374,0.045580,-0.007171,0.700687,0.062077,-0.058779,0.755315,0.036029,-0.045975
2.130000,0.726341,0.045531,-0.007106,0.700675,0.062040,-0.058718,0.755329,0.036115,-0.045817
2.140000,0.726314,0.045494,-0.007050,0.700655,0.062021,-0.058658,0.755280,0.036050,-0.045774
2.150000,0.726278,0.045453,-0.006975,0.700640,0.062024,-0.058584,0.755250,0.036013,-0.045701
2.160000,0.726236,0.045419,-0.006901,0.700605,0.062027,-0.058508,0.755211,0.035901,-0.045706
2.170000,0.726200,0.045399,-0.006850,0.700586,0.062022,-0.058443,0.755171,0.035840,-0.045670
2.180000,0.726178,0.045365,-0.006799,0.700559,0.062026,-0.058399,0.755144,0.035844,-0.045631
2.190000,0.726171,0.045370,-0.006745,0.700565,0.062039,-0.058344,0.755132,0.035819,-0.045579
2.200000,0.726157,0.045400,-0.006687,0.700576,0.062043,-0.058308,0.755128,0.035809,-0.045544
2.210000,0.726170,0.045379,-0.006644,0.700596,0.062049,-0.058268,0.755149,0.035864,-0.045449
2.220000,0.726190,0.045399,-0.006598,0.700618,0.062051,-0.058227,0.755179,0.035915,-0.045364
2.230000,0.726201,0.045409,-0.006551,0.700649,0.062065,-0.058184,0.755215,0.035910,-0.045333
2.240000,0.726226,0.045433,-0.006508,0.700682,0.062077,-0.058140,0.755245,0.035959,-0.045276
2.250000,0.726264,0.045454,-0.006478,0.700717,0.062122,-0.058103,0.755304,0.036029,-0.045203
2.260000,0.726296,0.045489,-0.006440,0.700750,0.062137,-0.058073,0.755337,0.036032,-0.045213
2.270000,0.726362,0.045541,-0.006412,0.700802,0.062154,-0.058060,0.755385,0.036088,-0.045172
2.280000,0.726417,0.045573,-0.006382,0.700878,0.062174,-0.058035,0.755452,0.036156,-0.045107
2.290000,0.726472,0.045625,-0.006362,0.700929,0.062211,-0.058020,0.755526,0.036258,-0.045047
2.300000,0.726507,0.045651,-0.006347,0.700969,0.062243,-0.058004,0.755638,0.036441,-0.044923
2.310000,0.726543,0.045691,-0.006332,0.701010,0.062275,-0.057993,0.755686,0.036504,-0.044871
2.320000,0.726588,0.045733,-0.006304,0.701043,0.062296,-0.057972,0.755736,0.036577,-0.044850
2.330000,0.726631,0.045744,-0.006281,0.701081,0.062332,-0.057957,0.755757,0.036550,-0.044876
2.340000,0.726659,0.045790,-0.006267,0.701133,0.062365,-0.057937,0.755832,0.036757,-0.044743
2.350000,0.726709,0.045813,-0.006249,0.701184,0.062408,-0.057911,0.755877,0.036725,-0.044783
2.360000,0.726766,0.045867,-0.006218,0.701251,0.062463,-0.057883,0.755918,0.036728,-0.044785
2.370000,0.726828,0.045872,-0.006207,0.701301,0.062504,-0.057842,0.755986,0.036855,-0.044700
2.380000,0.726859,0.045916,-0.006158,0.701359,0.062546,-0.057826,0.756013,0.036725,-0.044776
2.390000,0.726897,0.045924,-0.006148,0.701411,0.062585,-0.057799,0.756071,0.036773,-0.044746
2.400000,0.726935,0.045925,-0.006145,0.701438,0.062586,-0.057811,0.756138,0.037005,-0.044606
2.410000,0.726969,0.045942,-0.006157,0.701479,0.062634,-0.057792,0.756164,0.036998,-0.044631
2.420000,0.727000,0.045958,-0.006176,0.701529,0.062613,-0.057830,0.756191,0.036938,-0.044703
2.430000,0.727054,0.045958,-0.006205,0.701578,0.062630,-0.057848,0.756258,0.037043,-0.044649
2.440000,0.727107,0.045961,-0.006230,0.701622,0.062622,-0.057868,0.756296,0.037054,-0.044654
2.450000,0.727160,0.045971,-0.006248,0.701682,0.062620,-0.057895,0.756375,0.037151,-0.044600
2.460000,0.727221,0.045972,-0.006283,0.701733,0.062636,-0.057919,0.756406,0.037105,-0.044661
2.470000,0.727273,0.045960,-0.006312,0.701793,0.062699,-0.057929,0.756451,0.037082,-0.044700
2.480000,0.727316,0.045981,-0.006331,0.701842,0.062700,-0.057961,0.756473,0.037049,-0.044762
2.490000,0.727337,0.045977,-0.006369,0.701874,0.062703,-0.057982,0.756499,0.036966,-0.044852
2.500000,0.727370,0.045961,-0.006425,0.701888,0.062695,-0.058015,0.756520,0.036970,-0.044897
2.510000,0.727386,0.045970,-0.006458,0.701903,0.062688,-0.058055,0.756546,0.037085,-0.044853
2.520000,0.727405,0.045957,-0.006504,0.701905,0.062690,-0.058084,0.756555,0.036994,-0.044962
2.530000,0.727420,0.045943,-0.006552,0.701935,0.062735,-0.058124,0.756570,0.036973,-0.045022
2.540000,0.727435,0.045945,-0.006605,0.701942,0.062743,-0.058173,0.756585,0.037064,-0.045030
2.550000,0.727452,0.045898,-0.006655,0.701783,0.062700,-0.058395,0.756577,0.036906,-0.045154
2.560000,0.727451,0.045870,-0.006719,0.701922,0.062624,-0.058324,0.756568,0.036923,-0.045197
2.570000,0.727452,0.045824,-0.006794,0.701899,0.062632,-0.058370,0.756557,0.036891,-0.045251
2.580000,0.727419,0.045786,-0.006861,0.701881,0.062620,-0.058421,0.756522,0.036839,-0.045332
2.590000,0.727378,0.045740,-0.006909,0.701847,0.062593,-0.058475,0.756503,0.036926,-0.045295
2.600000,0.727334,0.045691,-0.006967,0.701772,0.062514,-0.058541,0.756428,0.036749,-0.045451
2.610000,0.727298,0.045649,-0.007038,0.701754,0.062451,-0.058598,0.756391,0.036692,-0.045531
2.620000,0.727246,0.045563,-0.007103,0.701706,0.062420,-0.058664,0.756336,0.036631,-0.045598
2.630000,0.727205,0.045491,-0.007188,0.701650,0.062346,-0.058751,0.756283,0.036488,-0.045732
2.640000,0.727169,0.045437,-0.007263,0.701611,0.062316,-0.058812,0.756228,0.036417,-0.045834
2.650000,0.727136,0.045367,-0.007343,0.701567,0.062271,-0.058898,0.756212,0.036469,-0.045839
2.660000,0.727096,0.045318,-0.007435,0.701517,0.062238,-0.058974,0.756137,0.036340,-0.046008
2.670000,0.727063,0.045293,-0.007524,0.701467,0.062158,-0.059058,0.756111,0.036364,-0.046042
2.680000,0.727033,0.045241,-0.007624,0.701412,0.062123,-0.059148,0.756056,0.036293,-0.046186
2.690000,0.727013,0.045249,-0.007717,0.701358,0.062099,-0.059219,0.756014,0.036252,-0.046292
2.700000,0.726990,0.045243,-0.007807,0.701291,0.062066,-0.059301,0.755934,0.036130,-0.046485
2.710000,0.726978,0.045236,-0.007917,0.701218,0.062033,-0.059406,0.755865,0.036099,-0.046627
2.720000,0.726956,0.045235,-0.007994,0.701134,0.062005,-0.059469,0.755819,0.036068,-0.046763
2.730000,0.726939,0.045239,-0.008105,0.701055,0.061962,-0.059545,0.755742,0.036044,-0.046906
2.740000,0.726897,0.045215,-0.008207,0.700834,0.061963,-0.059762,0.755702,0.036173,-0.046915
2.750000,0.726867,0.045212,-0.008310,0.700863,0.061903,-0.059678,0.755620,0.036107,-0.047076
2.760000,0.726843,0.045224,-0.008404,0.700754,0.061863,-0.059730,0.755534,0.036029,-0.047250
2.770000,0.726813,0.045217,-0.008497,0.700637,0.061833,-0.059779,0.755435,0.036016,-0.047384
2.780000,0.726801,0.045208,-0.008588,0.700516,0.061808,-0.059827,0.755325,0.036058,-0.047476
2.790000,0.726777,0.045234,-0.008665,0.700399,0.061789,-0.059862,0.755220,0.035975,-0.047643
2.800000,0.726745,0.045235,-0.008741,0.700254,0.061784,-0.059901,0.755009,0.035640,-0.047998
2.810000,0.726697,0.045252,-0.008816,0.700081,0.061735,-0.059948,0.754873,0.035622,-0.048113
2.820000,0.726646,0.045288,-0.008884,0.699876,0.061682,-0.059989,0.754682,0.035562,-0.048286
2.830000,0.726566,0.045335,-0.008965,0.699595,0.061614,-0.060040,0.754508,0.035594,-0.048406
2.840000,0.726484,0.045382,-0.009050,0.699350,0.061526,-0.060088,0.754307,0.035623,-0.048512
2.850000,0.726406,0.045412,-0.009143,0.699119,0.061486,-0.060103,0.754102,0.035648,-0.048668
2.860000,0.726318,0.045453,-0.009247,0.698844,0.061397,-0.060153,0.753886,0.035563,-0.048838
2.870000,0.726239,0.045486,-0.009342,0.698594,0.061358,-0.060165,0.753684,0.035553,-0.049008
2.880000,0.726163,0.045547,-0.009433,0.698321,0.061332,-0.060170,0.753443,0.035447,-0.049239
2.890000,0.726110,0.045614,-0.009549,0.698031,0.061338,-0.060170,0.753180,0.035278,-0.049535
2.900000,0.726046,0.045652,-0.009656,0.697730,0.061295,-0.060156,0.752927,0.035319,-0.049679
2.910000,0.725977,0.045761,-0.009762,0.697358,0.061262,-0.060162,0.752600,0.035217,-0.049959
2.920000,0.725914,0.045835,-0.009858,0.696979,0.061137,-0.060160,0.752321,0.035273,-0.050095
2.930000,0.725825,0.045950,-0.009959,0.696582,0.060653,-0.060055,0.751932,0.035021,-0.050432
2.940000,0.725726,0.046019,-0.010041,0.696148,0.060493,-0.060024,0.751612,0.035048,-0.050563
2.950000,0.725607,0.046116,-0.010113,0.695703,0.060375,-0.059999,0.751284,0.034988,-0.050774
2.960000,0.725464,0.046221,-0.010197,0.695296,0.060219,-0.059960,0.750893,0.034848,-0.051083
2.970000,0.725315,0.046312,-0.010262,0.694835,0.060121,-0.059861,0.750530,0.034842,-0.051268
2.980000,0.725182,0.046391,-0.010330,0.694359,0.060004,-0.059776,0.750159,0.034892,-0.051418
2.990000,0.725029,0.046506,-0.010369,0.693879,0.059829,-0.059717,0.749823,0.035068,-0.051463
3.000000,0.724907,0.046609,-0.010411,0.693430,0.059757,-0.059600,0.749460,0.035168,-0.051531
3.010000,0.724793,0.046695,-0.010449,0.692980,0.059682,-0.059478,0.749062,0.034907,-0.051887
3.020000,0.724671,0.046808,-0.010502,0.692540,0.059625,-0.059336,0.748605,0.034673,-0.052225
3.030000,0.724554,0.046926,-0.010545,0.692100,0.059565,-0.059217,0.748176,0.034498,-0.052536
3.040000,0.724408,0.047056,-0.010619,0.691566,0.059556,-0.059088,0.747765,0.034657,-0.052614
3.050000,0.724246,0.047250,-0.010694,0.691003,0.059486,-0.058967,0.747342,0.034857,-0.052734
3.060000,0.724084,0.047428,-0.010795,0.690472,0.059387,-0.058871,0.746857,0.034829,-0.053053
3.070000,0.723928,0.047607,-0.010908,0.689896,0.059279,-0.058739,0.746432,0.035065,-0.053168
3.080000,0.723759,0.047790,-0.011020,0.689292,0.059242,-0.058593,0.745930,0.035223,-0.053304
3.090000,0.723589,0.047973,-0.011139,0.688653,0.059144,-0.058497,0.745346,0.035009,-0.053729
3.100000,0.723382,0.048129,-0.011276,0.688098,0.059099,-0.058372,0.744664,0.035936,-0.053368
3.110000,0.723167,0.048371,-0.011404,0.687479,0.058999,-0.058248,0.744201,0.035896,-0.053645
3.120000,0.722870,0.049039,-0.011176,0.686790,0.058773,-0.058148,0.743640,0.035801,-0.053937
3.130000,0.722571,0.049218,-0.011355,0.685761,0.058572,-0.058190,0.743083,0.035687,-0.054239
3.140000,0.722266,0.049356,-0.011538,0.685016,0.058433,-0.058057,0.742393,0.035494,-0.054559
3.150000,0.721949,0.049484,-0.011715,0.684263,0.058277,-0.057876,0.741700,0.035318,-0.054839
3.160000,0.721629,0.049624,-0.011864,0.683426,0.057928,-0.057571,0.740969,0.035148,-0.055129
3.170000,0.721290,0.049763,-0.012024,0.682560,0.057618,-0.057364,0.740207,0.034887,-0.055417
3.180000,0.720927,0.049807,-0.012206,0.681702,0.057220,-0.057195,0.739291,0.034521,-0.055729
3.190000,0.720484,0.049718,-0.012414,0.680742,0.056880,-0.056973,0.738447,0.034205,-0.056011
3.200000,0.720069,0.049145,-0.012997,0.679781,0.056352,-0.056719,0.737554,0.033780,-0.056265
3.210000,0.719595,0.049056,-0.013163,0.678810,0.055859,-0.056456,0.736270,0.033384,-0.056524
3.220000,0.719106,0.048971,-0.013306,0.677690,0.055195,-0.056211,0.735211,0.032840,-0.056755
3.230000,0.718502,0.048889,-0.013454,0.676594,0.054628,-0.055894,0.734244,0.032407,-0.056904
3.240000,0.717904,0.049285,-0.013204,0.675412,0.053993,-0.055508,0.733047,0.031797,-0.057075
3.250000,0.717282,0.049170,-0.013299,0.674200,0.053343,-0.055121,0.731913,0.031212,-0.057211
3.260000,0.716644,0.049073,-0.013322,0.672932,0.052565,-0.054746,0.730651,0.030587,-0.057314
3.270000,0.715983,0.049023,-0.013402,0.671643,0.051792,-0.054331,0.729394,0.029911,-0.057460
3.280000,0.715368,0.048915,-0.013436,0.670362,0.051032,-0.053846,0.728164,0.029313,-0.057530
3.290000,0.714391,0.047325,-0.014273,0.669056,0.050289,-0.053367,0.726802,0.028460,-0.057663
3.300000,0.713660,0.046938,-0.014383,0.667817,0.049466,-0.052946,0.725608,0.027865,-0.057719
3.310000,0.712924,0.046558,-0.014524,0.666499,0.048575,-0.052414,0.724242,0.026934,-0.057802
3.320000,0.712193,0.046114,-0.014636,0.665246,0.047721,-0.051925,0.723046,0.026401,-0.057774
3.330000,0.711469,0.046424,-0.014254,0.663955,0.046990,-0.051377,0.721821,0.025742,-0.057782
3.340000,0.710597,0.045392,-0.014774,0.662646,0.046213,-0.050858,0.720541,0.025103,-0.057758
3.350000,0.709724,0.045069,-0.014877,0.661323,0.045482,-0.050280,0.719155,0.024368,-0.057783
3.360000,0.708895,0.044677,-0.015016,0.659917,0.044703,-0.049657,0.717793,0.023788,-0.057731
3.370000,0.708057,0.044431,-0.015126,0.658646,0.044011,-0.049127,0.715947,0.022126,-0.057977
3.380000,0.707258,0.044092,-0.015245,0.657376,0.043420,-0.048536,0.714574,0.021472,-0.057973
3.390000,0.706571,0.043795,-0.015376,0.656275,0.042880,-0.047997,0.713329,0.020688,-0.057995
3.400000,0.705931,0.043458,-0.015477,0.655194,0.042279,-0.047455,0.712193,0.020138,-0.057954
3.410000,0.705357,0.043260,-0.015549,0.654203,0.041743,-0.046997,0.711045,0.019434,-0.057910
3.420000,0.704674,0.043052,-0.015607,0.653195,0.041365,-0.046471,0.709943,0.018940,-0.057862
3.430000,0.704172,0.043731,-0.015139,0.652150,0.040926,-0.045914,0.708857,0.018653,-0.057782
3.440000,0.703640,0.043875,-0.015138,0.651110,0.040557,-0.045401,0.707781,0.018377,-0.057672
3.450000,0.702610,0.042623,-0.015827,0.650094,0.040162,-0.044797,0.706629,0.017834,-0.057587
3.460000,0.701956,0.042478,-0.015811,0.649164,0.039808,-0.044236,0.705650,0.017587,-0.057405
3.470000,0.701385,0.042369,-0.015829,0.648286,0.039441,-0.043624,0.704707,0.017415,-0.057245
3.480000,0.700896,0.042335,-0.015818,0.647431,0.039220,-0.043032,0.703811,0.017183,-0.057062
3.490000,0.700416,0.042274,-0.015796,0.646692,0.039005,-0.042498,0.702975,0.016842,-0.056844
3.500000,0.699935,0.042206,-0.015773,0.645980,0.038746,-0.041928,0.702175,0.016584,-0.056584
3.510000,0.699480,0.042121,-0.015763,0.645238,0.038494,-0.041349,0.701768,0.015937,-0.056533
3.520000,0.699040,0.042049,-0.015711,0.644570,0.038219,-0.040819,0.701078,0.015688,-0.056294
3.530000,0.698610,0.041948,-0.015677,0.643915,0.037941,-0.040265,0.700382,0.015385,-0.056066
3.540000,0.698220,0.041865,-0.015617,0.643337,0.037782,-0.039619,0.698182,0.013319,-0.055723
3.550000,0.697868,0.041845,-0.015521,0.642725,0.037561,-0.039023,0.697518,0.013135,-0.055411
3.560000,0.697503,0.041788,-0.015431,0.642145,0.037362,-0.038443,0.696865,0.013087,-0.055081
3.570000,0.697163,0.041767,-0.015316,0.641619,0.037235,-0.037881,0.696223,0.012718,-0.054751
3.580000,0.696807,0.041714,-0.015207,0.641158,0.037100,-0.037313,0.697345,0.011499,-0.055700
3.590000,0.696465,0.041656,-0.015099,0.640768,0.036910,-0.036750,0.696827,0.011052,-0.055405
3.600000,0.696143,0.041532,-0.015013,0.640174,0.036167,-0.036051,0.694290,0.011277,-0.053758
3.610000,0.695827,0.041403,-0.014871,0.639684,0.035845,-0.035500,0.693704,0.010950,-0.053359
3.620000,0.695521,0.041291,-0.014729,0.639225,0.035471,-0.034868,0.693069,0.010422,-0.052916
3.630000,0.695180,0.041053,-0.014607,0.638731,0.035095,-0.034242,0.692544,0.009891,-0.052516
3.640000,0.694920,0.040905,-0.014440,0.638321,0.034676,-0.033673,0.692064,0.009469,-0.052107
3.650000,0.694616,0.040754,-0.014257,0.637880,0.034221,-0.033013,0.691462,0.008726,-0.051598
3.660000,0.694335,0.040572,-0.014049,0.637481,0.033821,-0.032321,0.690968,0.008164,-0.051071
3.670000,0.694042,0.040294,-0.013815,0.637090,0.033322,-0.031683,0.690560,0.007888,-0.050534
3.680000,0.693692,0.040001,-0.013481,0.636639,0.032724,-0.030983,0.690032,0.007168,-0.049981
3.690000,0.693381,0.039719,-0.013181,0.636225,0.032271,-0.030255,0.689527,0.006623,-0.049407
3.700000,0.693098,0.039359,-0.012846,0.635805,0.031628,-0.029528,0.689173,0.006301,-0.048751
3.710000,0.692811,0.038973,-0.012553,0.635437,0.031062,-0.028772,0.688703,0.005615,-0.048093
3.720000,0.692490,0.038590,-0.012100,0.635121,0.030554,-0.028010,0.688318,0.004950,-0.047443
3.730000,0.692228,0.038168,-0.011629,0.634802,0.029979,-0.027314,0.688053,0.004636,-0.046707
3.740000,0.691991,0.037797,-0.011162,0.634490,0.029379,-0.026534,0.687629,0.003858,-0.045934
3.750000,0.691878,0.037545,-0.010747,0.634202,0.028877,-0.025809,0.687402,0.003262,-0.045228
3.760000,0.691954,0.036883,-0.010429,0.633974,0.028396,-0.025079,0.687225,0.003032,-0.044423
3.770000,0.691369,0.036572,-0.009660,0.633725,0.027851,-0.024349,0.686872,0.002264,-0.043598
3.780000,0.691185,0.036237,-0.009089,0.633563,0.027344,-0.023588,0.686680,0.001812,-0.042849
3.790000,0.690926,0.035605,-0.008430,0.633344,0.026977,-0.022786,0.686500,0.001587,-0.041993
3.800000,0.690684,0.035157,-0.007840,0.633169,0.026635,-0.022058,0.686134,0.000820,-0.041184
3.810000,0.690477,0.034710,-0.007247,0.633028,0.026437,-0.021269,0.685986,0.000524,-0.040426
3.820000,0.690334,0.034343,-0.006647,0.632627,0.025382,-0.020223,0.685813,0.000265,-0.039512
3.830000,0.690207,0.034127,-0.006025,0.632427,0.024928,-0.019437,0.685578,-0.000195,-0.038753
3.840000,0.690076,0.033886,-0.005416,0.632246,0.024569,-0.018634,0.685443,-0.000422,-0.037999
3.850000,0.689859,0.033546,-0.004766,0.632039,0.024207,-0.017811,0.685321,-0.000379,-0.037119
3.860000,0.689732,0.033329,-0.004170,0.631849,0.023931,-0.017022,0.685031,-0.000927,-0.036454
3.870000,0.689609,0.033109,-0.003575,0.631683,0.023719,-0.016221,0.684814,-0.001306,-0.035775
3.880000,0.689456,0.032998,-0.003004,0.631464,0.023514,-0.015507,0.684814,-0.000714,-0.035032
3.890000,0.689275,0.032809,-0.002435,0.631269,0.023319,-0.014894,0.684538,-0.001032,-0.034443
3.900000,0.689194,0.032761,-0.001966,0.631143,0.023357,-0.014295,0.684352,-0.001269,-0.033968
3.910000,0.689168,0.032784,-0.001542,0.631079,0.023403,-0.013762,0.684226,-0.001344,-0.033518
3.920000,0.689497,0.032559,-0.001244,0.631102,0.023519,-0.013395,0.684245,-0.001126,-0.033147
3.930000,0.689548,0.032594,-0.000961,0.631172,0.023638,-0.013144,0.684364,-0.000798,-0.032829
3.940000,0.689345,0.033017,-0.000662,0.631247,0.023770,-0.012972,0.684472,-0.000574,-0.032628
3.950000,0.689418,0.033091,-0.000482,0.631340,0.023946,-0.012879,0.684528,-0.000563,-0.032509
3.960000,0.689463,0.033198,-0.000394,0.631402,0.024063,-0.012829,0.684578,-0.000446,-0.032448
3.970000,0.689512,0.033374,-0.000364,0.631449,0.024186,-0.012806,0.684600,-0.000363,-0.032481
3.980000,0.689521,0.033484,-0.000450,0.631479,0.024299,-0.012800,0.684650,-0.000087,-0.032577
3.990000,0.689529,0.033565,-0.000593,0.631466,0.024323,-0.012870,0.684632,-0.000055,-0.032730
4.000000,0.689523,0.033619,-0.000785,0.631473,0.024323,-0.012988,0.684580,-0.000168,-0.032952
4.010000,0.689833,0.033414,-0.001099,0.631467,0.024308,-0.013145,0.684484,-0.000451,-0.033244
4.020000,0.689544,0.033701,-0.001362,0.631463,0.024323,-0.013367,0.684493,-0.000392,-0.033535
4.030000,0.689566,0.033736,-0.001728,0.631481,0.024338,-0.013609,0.684554,-0.000238,-0.033844
4.040000,0.689637,0.033885,-0.002131,0.631488,0.024311,-0.013882,0.684591,-0.000072,-0.034186
4.050000,0.689651,0.033982,-0.002540,0.631486,0.024364,-0.014188,0.684560,-0.000057,-0.034542
4.060000,0.689651,0.034084,-0.002955,0.631524,0.024411,-0.014498,0.684621,0.000351,-0.034925
4.070000,0.689653,0.034236,-0.003354,0.631551,0.024541,-0.014780,0.684521,0.000203,-0.035362
4.080000,0.689671,0.034282,-0.003792,0.631574,0.024625,-0.015099,0.684446,0.000109,-0.035772
4.090000,0.689707,0.034414,-0.004180,0.631590,0.024770,-0.015422,0.684522,0.000396,-0.036168
4.100000,0.689732,0.034588,-0.004587,0.631626,0.024850,-0.015800,0.684579,0.000665,-0.036574
4.110000,0.689766,0.034686,-0.004998,0.631669,0.024979,-0.016164,0.684674,0.001089,-0.036970
4.120000,0.689902,0.034928,-0.005432,0.631717,0.025099,-0.016568,0.684735,0.001248,-0.037396
4.130000,0.689954,0.035024,-0.005840,0.631779,0.025169,-0.016985,0.684678,0.000976,-0.037849
4.140000,0.690312,0.034785,-0.006317,0.631854,0.025239,-0.017388,0.684710,0.000965,-0.038256
4.150000,0.690065,0.035082,-0.006679,0.631913,0.025384,-0.017778,0.684845,0.001272,-0.038666
4.160000,0.690145,0.035122,-0.007042,0.632013,0.025436,-0.018158,0.684992,0.001485,-0.039063
4.170000,0.690233,0.035204,-0.007369,0.632121,0.025450,-0.018561,0.685170,0.001742,-0.039438
4.180000,0.690340,0.035315,-0.007672,0.632243,0.025488,-0.018993,0.685221,0.001581,-0.039831
4.190000,0.690474,0.035455,-0.008014,0.632336,0.025553,-0.019390,0.685240,0.001331,-0.040224
4.200000,0.690554,0.035496,-0.008314,0.632428,0.025675,-0.019779,0.685377,0.001374,-0.040597
4.210000,0.690619,0.035538,-0.008619,0.632537,0.025703,-0.020154,0.685547,0.001493,-0.040923
4.220000,0.690748,0.035546,-0.008917,0.632676,0.025782,-0.020549,0.685781,0.001791,-0.041218
4.230000,0.690854,0.035538,-0.009148,0.632813,0.025794,-0.020941,0.685976,0.001843,-0.041490
4.240000,0.691015,0.035538,-0.009350,0.633028,0.025818,-0.021384,0.686192,0.001834,-0.041780
4.250000,0.691163,0.035534,-0.009526,0.633192,0.025844,-0.021767,0.686321,0.001521,-0.042084
4.260000,0.691268,0.035530,-0.009690,0.633326,0.025912,-0.022163,0.686522,0.001490,-0.042404
4.270000,0.691344,0.035586,-0.009847,0.633472,0.026002,-0.022515,0.686630,0.001444,-0.042681
4.280000,0.691411,0.035679,-0.010009,0.633592,0.026130,-0.022916,0.686765,0.001495,-0.042953
4.290000,0.691810,0.035577,-0.010288,0.633871,0.026814,-0.023544,0.686879,0.001547,-0.043231
4.300000,0.691603,0.035934,-0.010369,0.633982,0.026797,-0.023958,0.687006,0.001406,-0.043521
4.310000,0.691741,0.035963,-0.010495,0.634179,0.026778,-0.024395,0.687383,0.001766,-0.043766
4.320000,0.692048,0.036289,-0.010601,0.634409,0.026812,-0.024808,0.687731,0.001896,-0.044064
4.330000,0.692263,0.036283,-0.010667,0.634674,0.026901,-0.025222,0.688055,0.002067,-0.044372
4.340000,0.692750,0.036221,-0.010971,0.634899,0.027012,-0.025650,0.688287,0.001887,-0.044735
4.350000,0.692840,0.036322,-0.011045,0.635068,0.027183,-0.026119,0.688527,0.001978,-0.045048
4.360000,0.692690,0.036629,-0.011036,0.635247,0.027455,-0.026572,0.688747,0.002129,-0.045383
4.370000,0.692777,0.036783,-0.011156,0.635468,0.027661,-0.027062,0.688998,0.002403,-0.045733
4.380000,0.692910,0.036923,-0.011272,0.635737,0.027947,-0.027568,0.689424,0.002952,-0.046141
4.390000,0.693121,0.037046,-0.011363,0.636089,0.028299,-0.028161,0.689859,0.003200,-0.046540
4.400000,0.693399,0.037135,-0.011482,0.636498,0.028633,-0.028785,0.690300,0.003336,-0.046955
4.410000,0.693779,0.037426,-0.011722,0.636928,0.028885,-0.029486,0.690817,0.003679,-0.047373
4.420000,0.694032,0.037587,-0.011896,0.637319,0.029261,-0.030190,0.691464,0.004541,-0.047824
4.430000,0.694237,0.037710,-0.012090,0.637684,0.029529,-0.030911,0.691942,0.004920,-0.048300
4.440000,0.694492,0.037969,-0.012290,0.638094,0.029842,-0.031618,0.692293,0.004889,-0.048846
4.450000,0.694740,0.038224,-0.012490,0.638519,0.030306,-0.032341,0.692961,0.005777,-0.049387
4.460000,0.695025,0.038362,-0.012675,0.638975,0.030619,-0.033095,0.695604,0.005103,-0.051204
4.470000,0.695322,0.038503,-0.012854,0.639570,0.031115,-0.033873,0.694245,0.006773,-0.050342
4.480000,0.695722,0.038754,-0.013121,0.640145,0.031483,-0.034718,0.696867,0.006376,-0.052220
4.490000,0.696068,0.038871,-0.013383,0.640709,0.031884,-0.035580,0.695641,0.007643,-0.051493
4.500000,0.696417,0.039069,-0.013611,0.641401,0.032939,-0.036517,0.698083,0.007722,-0.053298
4.510000,0.696752,0.039351,-0.013870,0.641864,0.033228,-0.037389,0.697162,0.009321,-0.052609
4.520000,0.697129,0.039607,-0.014176,0.642448,0.033579,-0.038235,0.699422,0.009231,-0.054452
4.530000,0.697551,0.039932,-0.014492,0.643023,0.033973,-0.039094,0.699918,0.011637,-0.053921
4.540000,0.697965,0.040287,-0.014797,0.643741,0.034610,-0.040084,0.700722,0.012535,-0.054475
4.550000,0.698356,0.040492,-0.015101,0.644460,0.035249,-0.041015,0.701468,0.013092,-0.055106
4.560000,0.698820,0.040834,-0.015422,0.645218,0.035955,-0.042028,0.701904,0.014052,-0.055649
4.570000,0.699277,0.041150,-0.015756,0.645994,0.036524,-0.043027,0.702682,0.014679,-0.056255
4.580000,0.699755,0.041502,-0.016095,0.646762,0.037162,-0.044060,0.703501,0.015353,-0.056903
4.590000,0.700214,0.041915,-0.016451,0.647571,0.037795,-0.045087,0.704404,0.016167,-0.057546
4.600000,0.700748,0.042318,-0.016795,0.648388,0.038524,-0.046098,0.705215,0.016723,-0.058162
4.610000,0.701614,0.044168,-0.016286,0.649194,0.039293,-0.047076,0.706139,0.017536,-0.058743
4.620000,0.701990,0.044068,-0.016775,0.650052,0.040051,-0.048050,0.707034,0.018291,-0.059357
4.630000,0.702311,0.043511,-0.017776,0.650975,0.040967,-0.049065,0.707978,0.018958,-0.059971
4.640000,0.702741,0.043740,-0.018147,0.651905,0.041649,-0.050067,0.709042,0.019876,-0.060519
4.650000,0.703217,0.044017,-0.018528,0.652884,0.042517,-0.051086,0.710036,0.020714,-0.061054
4.660000,0.703727,0.044399,-0.018921,0.653817,0.043401,-0.052055,0.711089,0.021654,-0.061609
4.670000,0.704319,0.044844,-0.019279,0.654813,0.044156,-0.053077,0.712106,0.022415,-0.062161
4.680000,0.704923,0.045260,-0.019601,0.655801,0.045133,-0.054054,0.713771,0.024438,-0.062446
4.690000,0.705478,0.045616,-0.019987,0.656739,0.045807,-0.055050,0.714695,0.025130,-0.062975
4.700000,0.706022,0.045941,-0.020314,0.657797,0.046665,-0.055982,0.715686,0.025834,-0.063514
4.710000,0.706549,0.046361,-0.020587,0.658800,0.047556,-0.056872,0.716675,0.026474,-0.063970
4.720000,0.707095,0.046709,-0.020897,0.659821,0.048272,-0.057772,0.717747,0.027321,-0.064378
4.730000,0.707627,0.047066,-0.021203,0.660810,0.049124,-0.058575,0.718661,0.027939,-0.064765
4.740000,0.708177,0.047381,-0.021455,0.661771,0.049921,-0.059363,0.719605,0.028705,-0.065121
4.750000,0.708685,0.047658,-0.021668,0.662784,0.050729,-0.060079,0.720645,0.029506,-0.065408
4.760000,0.709273,0.048607,-0.021414,0.663783,0.051559,-0.060763,0.721588,0.030162,-0.065712
4.770000,0.709999,0.049368,-0.021316,0.664790,0.052447,-0.061421,0.722572,0.030921,-0.065966
4.780000,0.710487,0.049430,-0.021614,0.665842,0.053247,-0.062065,0.723656,0.031634,-0.066142
4.790000,0.711000,0.049583,-0.021793,0.666947,0.054108,-0.062623,0.724699,0.032403,-0.066311
4.800000,0.711543,0.049324,-0.022292,0.667978,0.055047,-0.063144,0.725749,0.033260,-0.066411
4.810000,0.712018,0.049696,-0.022399,0.669028,0.055907,-0.063712,0.726807,0.034153,-0.066482
4.820000,0.712542,0.050167,-0.022453,0.670021,0.056748,-0.064191,0.727834,0.035130,-0.066540
4.830000,0.713054,0.050605,-0.022485,0.671057,0.057713,-0.064617,0.728785,0.035952,-0.066591
4.840000,0.713561,0.051073,-0.022496,0.672005,0.058652,-0.064972,0.729865,0.036977,-0.066561
4.850000,0.714087,0.051492,-0.022483,0.673037,0.059684,-0.065357,0.730853,0.037895,-0.066547
4.860000,0.714668,0.051958,-0.022434,0.674068,0.060540,-0.065717,0.731877,0.038869,-0.066496
4.870000,0.715272,0.052458,-0.022425,0.675162,0.061595,-0.066037,0.732943,0.039863,-0.066405
4.880000,0.715932,0.052996,-0.022370,0.676327,0.062702,-0.066289,0.734058,0.040844,-0.066296
4.890000,0.716612,0.053492,-0.022340,0.677299,0.063574,-0.066739,0.735180,0.041732,-0.066176
4.900000,0.717275,0.054050,-0.022251,0.678683,0.064718,-0.066744,0.736320,0.042698,-0.065994
4.910000,0.717928,0.054538,-0.022137,0.679821,0.065754,-0.066946,0.737454,0.043603,-0.065802
4.920000,0.718570,0.055084,-0.021982,0.680943,0.066772,-0.067101,0.738528,0.044551,-0.065560
4.930000,0.719207,0.055607,-0.021836,0.682052,0.067757,-0.067207,0.739549,0.045452,-0.065308
4.940000,0.719792,0.056168,-0.021634,0.683192,0.068743,-0.067315,0.740662,0.046528,-0.064982
4.950000,0.720374,0.056741,-0.021424,0.684085,0.069743,-0.067469,0.741606,0.047459,-0.064659
4.960000,0.720981,0.057258,-0.021189,0.685106,0.070624,-0.067464,0.742622,0.048436,-0.064293
4.970000,0.721642,0.057768,-0.020954,0.686032,0.071399,-0.067568,0.743912,0.049297,-0.063900
4.980000,0.722304,0.058327,-0.020665,0.687329,0.072371,-0.067318,0.744946,0.050159,-0.063513
4.990000,0.722971,0.058842,-0.020370,0.688360,0.073264,-0.067213,0.745973,0.051059,-0.063035
5.000000,0.723672,0.059315,-0.020009,0.689454,0.074300,-0.067192,0.746982,0.052004,-0.062495
5.010000,0.724355,0.059824,-0.019629,0.690662,0.075172,-0.066873,0.747878,0.052981,-0.061929
5.020000,0.725031,0.060315,-0.019273,0.691754,0.076178,-0.066641,0.748847,0.053838,-0.061370
5.030000,0.725634,0.060763,-0.018889,0.692857,0.076943,-0.066421,0.750063,0.054309,-0.061024
5.040000,0.726240,0.061283,-0.018464,0.693912,0.077856,-0.066114,0.750956,0.054799,-0.060664
5.050000,0.726837,0.061803,-0.017942,0.694861,0.078611,-0.065816,0.751928,0.055742,-0.059935
5.060000,0.727423,0.062302,-0.017405,0.695905,0.079431,-0.065420,0.752991,0.056820,-0.058988
5.070000,0.728036,0.062666,-0.016937,0.696918,0.080280,-0.065094,0.754191,0.059085,-0.057433
5.080000,0.728673,0.063072,-0.016394,0.697934,0.081037,-0.064628,0.755012,0.059369,-0.057056
5.090000,0.729276,0.063460,-0.015748,0.698977,0.081746,-0.064141,0.756103,0.060610,-0.055799
5.100000,0.729844,0.063763,-0.015158,0.699950,0.082536,-0.063663,0.756939,0.060523,-0.055378
5.110000,0.730414,0.063965,-0.014573,0.700866,0.083168,-0.063108,0.757657,0.060956,-0.054944
5.120000,0.730935,0.064312,-0.013924,0.701779,0.083878,-0.062526,0.758586,0.061930,-0.053533
5.130000,0.731414,0.064693,-0.013226,0.702665,0.084529,-0.061964,0.759325,0.062082,-0.053072
5.140000,0.731869,0.064941,-0.012615,0.703453,0.085072,-0.061440,0.760027,0.062466,-0.052306
5.150000,0.732266,0.065181,-0.011983,0.704218,0.085734,-0.060839,0.760642,0.062753,-0.051647
5.160000,0.732650,0.065444,-0.011311,0.704962,0.086258,-0.060242,0.761368,0.063424,-0.050616
5.170000,0.733052,0.065669,-0.010652,0.705512,0.086700,-0.059786,0.761983,0.063766,-0.049829
5.180000,0.733417,0.065885,-0.009965,0.706357,0.087172,-0.059022,0.762572,0.063863,-0.049243
5.190000,0.733762,0.066061,-0.009283,0.706940,0.087515,-0.058448,0.763088,0.064052,-0.048440
5.200000,0.734075,0.066226,-0.008637,0.707530,0.087879,-0.057833,0.763555,0.064147,-0.047838
5.210000,0.734376,0.066298,-0.008050,0.707968,0.088257,-0.057374,0.764169,0.064696,-0.046782
5.220000,0.734868,0.066181,-0.007508,0.708703,0.088559,-0.056672,0.764618,0.064843,-0.046145
5.230000,0.735138,0.066356,-0.006879,0.709138,0.088783,-0.056166,0.764972,0.064918,-0.045584
5.240000,0.735381,0.066455,-0.006311,0.709547,0.089032,-0.055647,0.765303,0.064952,-0.045073
5.250000,0.735601,0.066566,-0.005778,0.709905,0.089199,-0.055166,0.765735,0.065538,-0.044078
5.260000,0.735754,0.066708,-0.005222,0.710214,0.089379,-0.054644,0.766133,0.065726,-0.043445
5.270000,0.735906,0.066830,-0.004712,0.710527,0.089511,-0.054163,0.766365,0.065859,-0.042916
5.280000,0.736061,0.066887,-0.004264,0.710761,0.089604,-0.053718,0.766734,0.067095,-0.041546
5.290000,0.736203,0.066949,-0.003856,0.710963,0.089689,-0.053319,0.766939,0.067135,-0.041148
5.300000,0.736346,0.067055,-0.003416,0.711185,0.089731,-0.052918,0.767097,0.067173,-0.040762
5.310000,0.736500,0.067118,-0.003001,0.711367,0.089775,-0.052558,0.767092,0.065954,-0.041289
5.320000,0.736651,0.067140,-0.002635,0.711543,0.089859,-0.052225,0.767269,0.066017,-0.040863
5.330000,0.736783,0.067162,-0.002323,0.711670,0.089888,-0.051948,0.767398,0.065989,-0.040575
5.340000,0.736874,0.067173,-0.002056,0.711750,0.089868,-0.051681,0.767526,0.066132,-0.040170
5.350000,0.736914,0.067188,-0.001789,0.711795,0.089893,-0.051403,0.767594,0.066072,-0.039945
5.360000,0.736919,0.067184,-0.001556,0.711806,0.089813,-0.051214,0.767621,0.066120,-0.039693
5.370000,0.736938,0.067162,-0.001356,0.711647,0.089703,-0.051195,0.767835,0.067408,-0.038533
5.380000,0.736937,0.067175,-0.001174,0.711765,0.089644,-0.050894,0.767814,0.067387,-0.038360
5.390000,0.736902,0.067156,-0.000994,0.711766,0.089553,-0.050754,0.768040,0.068030,-0.037606
5.400000,0.736890,0.067142,-0.000856,0.711736,0.089453,-0.050622,0.768012,0.067959,-0.037485
5.410000,0.736865,0.067077,-0.000731,0.711711,0.089342,-0.050529,0.767742,0.067033,-0.038055
5.420000,0.736836,0.066977,-0.000652,0.711679,0.089230,-0.050444,0.767955,0.067741,-0.037347
5.430000,0.736803,0.066904,-0.000590,0.711616,0.089111,-0.050385,0.767447,0.065307,-0.038973
5.440000,0.736768,0.066778,-0.000571,0.711564,0.089006,-0.050333,0.767382,0.065181,-0.038931
5.450000,0.736728,0.066684,-0.000549,0.711500,0.088845,-0.050328,0.767315,0.065067,-0.038911
5.460000,0.736641,0.066542,-0.000564,0.711415,0.088730,-0.050316,0.767252,0.064930,-0.038907
5.470000,0.736585,0.066435,-0.000584,0.711318,0.088585,-0.050329,0.767162,0.064806,-0.038934
5.480000,0.736497,0.066315,-0.000634,0.711233,0.088408,-0.050392,0.767061,0.064694,-0.038979
5.490000,0.736424,0.066191,-0.000676,0.711107,0.088306,-0.050443,0.766983,0.064564,-0.039046
5.500000,0.736346,0.066064,-0.000751,0.711013,0.088166,-0.050497,0.766867,0.064427,-0.039135
5.510000,0.736285,0.065958,-0.000818,0.710918,0.088008,-0.050582,0.766769,0.064313,-0.039203
5.520000,0.736214,0.065857,-0.000901,0.710829,0.087868,-0.050641,0.766720,0.064231,-0.039248
5.530000,0.736161,0.065717,-0.000997,0.710766,0.087749,-0.050714,0.766638,0.064155,-0.039283
5.540000,0.736091,0.065586,-0.001069,0.710702,0.087676,-0.050769,0.766575,0.064058,-0.039341
5.550000,0.736018,0.065507,-0.001140,0.710612,0.087506,-0.050878,0.766516,0.063973,-0.039424
5.560000,0.735957,0.065416,-0.001217,0.710543,0.087430,-0.050936,0.766428,0.063923,-0.039459
5.570000,0.735906,0.065348,-0.001273,0.710485,0.087387,-0.050990,0.766329,0.063684,-0.039623
5.580000,0.735865,0.065291,-0.001342,0.710430,0.087330,-0.051042,0.766265,0.063641,-0.039690
5.590000,0.735824,0.065229,-0.001412,0.710375,0.087296,-0.051092,0.766207,0.063609,-0.039730
5.600000,0.735800,0.065164,-0.001474,0.710331,0.087244,-0.051137,0.766172,0.063578,-0.039774
5.610000,0.735772,0.065129,-0.001535,0.710301,0.087200,-0.051187,0.766129,0.063529,-0.039856
5.620000,0.735752,0.065092,-0.001591,0.710249,0.087130,-0.051250,0.766102,0.063527,-0.039878
5.630000,0.735722,0.065098,-0.001646,0.710218,0.087114,-0.051317,0.766050,0.063545,-0.039943
5.640000,0.735694,0.065078,-0.001722,0.710168,0.087078,-0.051392,0.766018,0.063528,-0.040032
5.650000,0.735679,0.065088,-0.001790,0.710115,0.087047,-0.051457,0.765974,0.063526,-0.040127
5.660000,0.735662,0.065100,-0.001861,0.710065,0.087016,-0.051519,0.765942,0.063546,-0.040176
5.670000,0.735650,0.065089,-0.001908,0.710016,0.086971,-0.051566,0.765916,0.063514,-0.040239
5.680000,0.735648,0.065075,-0.001956,0.710000,0.086935,-0.051604,0.765906,0.063485,-0.040281
5.690000,0.735655,0.065062,-0.001988,0.709979,0.086915,-0.051642,0.765897,0.063427,-0.040354
5.700000,0.735664,0.065043,-0.002032,0.709985,0.086874,-0.051679,0.765905,0.063450,-0.040348
5.710000,0.735678,0.065046,-0.002057,0.709981,0.086839,-0.051725,0.765906,0.063417,-0.040406
5.720000,0.735681,0.065028,-0.002106,0.709985,0.086797,-0.051768,0.765910,0.063373,-0.040442
5.730000,0.735698,0.065011,-0.002125,0.709980,0.086768,-0.051811,0.765905,0.063373,-0.040460
5.740000,0.735685,0.064980,-0.002154,0.709974,0.086705,-0.051835,0.765906,0.063301,-0.040486
5.750000,0.735682,0.064924,-0.002146,0.709963,0.086661,-0.051826,0.765890,0.063300,-0.040457
5.760000,0.735649,0.064886,-0.002125,0.709945,0.086600,-0.051812,0.765878,0.063190,-0.040482
5.770000,0.735611,0.064811,-0.002098,0.709927,0.086543,-0.051771,0.765843,0.063176,-0.040405
5.780000,0.735580,0.064747,-0.002049,0.709897,0.086511,-0.051742,0.765821,0.063129,-0.040342
5.790000,0.735539,0.064675,-0.002026,0.709885,0.086473,-0.051701,0.765782,0.063030,-0.040330
5.800000,0.735495,0.064616,-0.001967,0.709858,0.086434,-0.051662,0.765753,0.062995,-0.040278
5.810000,0.735468,0.064551,-0.001935,0.709860,0.086382,-0.051625,0.765738,0.063009,-0.040184
5.820000,0.735458,0.064471,-0.001892,0.709853,0.086341,-0.051595,0.765732,0.062893,-0.040149
5.830000,0.735448,0.064427,-0.001848,0.709860,0.086319,-0.051539,0.765723,0.062801,-0.040142
5.840000,0.735437,0.064366,-0.001803,0.709846,0.086272,-0.051473,0.765726,0.062795,-0.040021
5.850000,0.735421,0.064325,-0.001750,0.709849,0.086252,-0.051427,0.765719,0.062724,-0.039982
5.860000,0.735387,0.064280,-0.001693,0.709844,0.086263,-0.051370,0.765696,0.062687,-0.039919
5.870000,0.735373,0.064232,-0.001648,0.709825,0.086245,-0.051317,0.765681,0.062667,-0.039873
5.880000,0.735357,0.064216,-0.001593,0.709802,0.086216,-0.051271,0.765649,0.062641,-0.039818
5.890000,0.735336,0.064193,-0.001550,0.709639,0.086211,-0.051363,0.765635,0.062684,-0.039712
5.900000,0.735316,0.064209,-0.001500,0.709618,0.086183,-0.051331,0.765628,0.062652,-0.039702
